1 100
-69.6970 -69.6970 
-49.4949 -49.4949 
33.3333 33.3333 
21.2121 21.2121 
-17.1717 -17.1717 
-31.3131 -31.3131 
71.7172 71.7172 
73.7374 73.7374 
-19.1919 -19.1919 
65.6566 65.6566 
-15.1515 -15.1515 
51.5152 51.5152 
25.2525 25.2525 
-53.5354 -53.5354 
43.4343 43.4343 
47.4747 47.4747 
13.1313 13.1313 
-75.7576 -75.7576 
-55.5556 -55.5556 
-21.2121 -21.2121 
31.3131 31.3131 
85.8586 85.8586 
53.5354 53.5354 
-59.5960 -59.5960 
29.2929 29.2929 
79.7980 79.7980 
-51.5152 -51.5152 
-41.4141 -41.4141 
15.1515 15.1515 
9.0909 9.0909 
-93.9394 -93.9394 
-65.6566 -65.6566 
45.4545 45.4545 
-35.3535 -35.3535 
-3.0303 -3.0303 
-7.0707 -7.0707 
-91.9192 -91.9192 
-85.8586 -85.8586 
-87.8788 -87.8788 
81.8182 81.8182 
-67.6768 -67.6768 
87.8788 87.8788 
-63.6364 -63.6364 
61.6162 61.6162 
-39.3939 -39.3939 
63.6364 63.6364 
1.0101 1.0101 
-29.2929 -29.2929 
-45.4545 -45.4545 
91.9192 91.9192 
-61.6162 -61.6162 
-83.8384 -83.8384 
67.6768 67.6768 
19.1919 19.1919 
97.9798 97.9798 
37.3737 37.3737 
-71.7172 -71.7172 
35.3535 35.3535 
83.8384 83.8384 
-57.5758 -57.5758 
-25.2525 -25.2525 
-5.0505 -5.0505 
3.0303 3.0303 
55.5556 55.5556 
-27.2727 -27.2727 
-79.7980 -79.7980 
-13.1313 -13.1313 
100.0000 100.0000 
41.4141 41.4141 
-37.3737 -37.3737 
-43.4343 -43.4343 
95.9596 95.9596 
23.2323 23.2323 
17.1717 17.1717 
69.6970 69.6970 
-97.9798 -97.9798 
-77.7778 -77.7778 
-11.1111 -11.1111 
-73.7374 -73.7374 
-1.0101 -1.0101 
-95.9596 -95.9596 
57.5758 57.5758 
89.8990 89.8990 
-100.0000 -100.0000 
75.7576 75.7576 
93.9394 93.9394 
27.2727 27.2727 
-81.8182 -81.8182 
-9.0909 -9.0909 
49.4949 49.4949 
5.0505 5.0505 
7.0707 7.0707 
39.3939 39.3939 
-89.8990 -89.8990 
77.7778 77.7778 
11.1111 11.1111 
-47.4747 -47.4747 
59.5960 59.5960 
-23.2323 -23.2323 
-33.3333 -33.3333 
