1 100
31.3131 62.6263 
57.5758 115.1515 
27.2727 54.5455 
-27.2727 -54.5455 
55.5556 111.1111 
-39.3939 -78.7879 
-83.8384 -167.6768 
21.2121 42.4242 
39.3939 78.7879 
-17.1717 -34.3434 
-9.0909 -18.1818 
-67.6768 -135.3535 
-89.8990 -179.7980 
100.0000 200.0000 
7.0707 14.1414 
91.9192 183.8384 
-85.8586 -171.7172 
-11.1111 -22.2222 
11.1111 22.2222 
-37.3737 -74.7475 
69.6970 139.3939 
45.4545 90.9091 
71.7172 143.4343 
73.7374 147.4747 
29.2929 58.5859 
-63.6364 -127.2727 
79.7980 159.5960 
-15.1515 -30.3030 
77.7778 155.5556 
-41.4141 -82.8283 
-71.7172 -143.4343 
-91.9192 -183.8384 
13.1313 26.2626 
-25.2525 -50.5051 
97.9798 195.9596 
-93.9394 -187.8788 
61.6162 123.2323 
51.5152 103.0303 
-3.0303 -6.0606 
3.0303 6.0606 
-21.2121 -42.4242 
-73.7374 -147.4747 
17.1717 34.3434 
87.8788 175.7576 
33.3333 66.6667 
-29.2929 -58.5859 
81.8182 163.6364 
35.3535 70.7071 
25.2525 50.5051 
-97.9798 -195.9596 
47.4747 94.9495 
-35.3535 -70.7071 
-49.4949 -98.9899 
43.4343 86.8687 
-69.6970 -139.3939 
67.6768 135.3535 
-45.4545 -90.9091 
-31.3131 -62.6263 
49.4949 98.9899 
-61.6162 -123.2323 
19.1919 38.3838 
-47.4747 -94.9495 
-23.2323 -46.4646 
63.6364 127.2727 
-81.8182 -163.6364 
41.4141 82.8283 
23.2323 46.4646 
-59.5960 -119.1919 
83.8384 167.6768 
5.0505 10.1010 
-100.0000 -200.0000 
-19.1919 -38.3838 
-43.4343 -86.8687 
-33.3333 -66.6667 
85.8586 171.7172 
-53.5354 -107.0707 
53.5354 107.0707 
-65.6566 -131.3131 
-51.5152 -103.0303 
95.9596 191.9192 
15.1515 30.3030 
-77.7778 -155.5556 
-79.7980 -159.5960 
-5.0505 -10.1010 
37.3737 74.7475 
89.8990 179.7980 
9.0909 18.1818 
-7.0707 -14.1414 
-1.0101 -2.0202 
-95.9596 -191.9192 
75.7576 151.5152 
-75.7576 -151.5152 
65.6566 131.3131 
-13.1313 -26.2626 
-87.8788 -175.7576 
93.9394 187.8788 
59.5960 119.1919 
1.0101 2.0202 
-57.5758 -115.1515 
-55.5556 -111.1111 
