1 100
87.8788 263.6364 
43.4343 130.3030 
-79.7980 -239.3939 
-75.7576 -227.2727 
25.2525 75.7576 
11.1111 33.3333 
-57.5758 -172.7273 
-33.3333 -100.0000 
-39.3939 -118.1818 
-97.9798 -293.9394 
-89.8990 -269.6970 
67.6768 203.0303 
-17.1717 -51.5152 
-5.0505 -15.1515 
51.5152 154.5455 
-61.6162 -184.8485 
7.0707 21.2121 
-13.1313 -39.3939 
-65.6566 -196.9697 
-49.4949 -148.4848 
-27.2727 -81.8182 
81.8182 245.4545 
75.7576 227.2727 
49.4949 148.4848 
5.0505 15.1515 
-9.0909 -27.2727 
15.1515 45.4545 
59.5960 178.7879 
-15.1515 -45.4545 
83.8384 251.5152 
-77.7778 -233.3333 
-100.0000 -300.0000 
100.0000 300.0000 
-43.4343 -130.3030 
-21.2121 -63.6364 
39.3939 118.1818 
45.4545 136.3636 
33.3333 100.0000 
79.7980 239.3939 
-51.5152 -154.5455 
13.1313 39.3939 
-45.4545 -136.3636 
31.3131 93.9394 
-25.2525 -75.7576 
-91.9192 -275.7576 
65.6566 196.9697 
-37.3737 -112.1212 
-73.7374 -221.2121 
1.0101 3.0303 
29.2929 87.8788 
-47.4747 -142.4242 
-1.0101 -3.0303 
-81.8182 -245.4545 
19.1919 57.5758 
-53.5354 -160.6061 
71.7172 215.1515 
-7.0707 -21.2121 
3.0303 9.0909 
-85.8586 -257.5758 
61.6162 184.8485 
97.9798 293.9394 
-23.2323 -69.6970 
-63.6364 -190.9091 
-55.5556 -166.6667 
73.7374 221.2121 
53.5354 160.6061 
57.5758 172.7273 
91.9192 275.7576 
23.2323 69.6970 
27.2727 81.8182 
-29.2929 -87.8788 
55.5556 166.6667 
17.1717 51.5152 
77.7778 233.3333 
-83.8384 -251.5152 
-41.4141 -124.2424 
-19.1919 -57.5758 
-95.9596 -287.8788 
41.4141 124.2424 
-93.9394 -281.8182 
47.4747 142.4242 
69.6970 209.0909 
-87.8788 -263.6364 
21.2121 63.6364 
-11.1111 -33.3333 
-3.0303 -9.0909 
-35.3535 -106.0606 
63.6364 190.9091 
-69.6970 -209.0909 
89.8990 269.6970 
-59.5960 -178.7879 
9.0909 27.2727 
85.8586 257.5758 
95.9596 287.8788 
37.3737 112.1212 
93.9394 281.8182 
-67.6768 -203.0303 
-31.3131 -93.9394 
-71.7172 -215.1515 
35.3535 106.0606 
