1 100
73.7374 294.9495 
-19.1919 -76.7677 
1.0101 4.0404 
47.4747 189.8990 
-75.7576 -303.0303 
59.5960 238.3838 
-9.0909 -36.3636 
27.2727 109.0909 
-97.9798 -391.9192 
7.0707 28.2828 
23.2323 92.9293 
-71.7172 -286.8687 
-93.9394 -375.7576 
31.3131 125.2525 
67.6768 270.7071 
-51.5152 -206.0606 
41.4141 165.6566 
-23.2323 -92.9293 
93.9394 375.7576 
-25.2525 -101.0101 
-87.8788 -351.5152 
61.6162 246.4646 
19.1919 76.7677 
13.1313 52.5253 
-69.6970 -278.7879 
15.1515 60.6061 
25.2525 101.0101 
-31.3131 -125.2525 
35.3535 141.4141 
-55.5556 -222.2222 
-95.9596 -383.8384 
-61.6162 -246.4646 
-47.4747 -189.8990 
17.1717 68.6869 
-85.8586 -343.4343 
-89.8990 -359.5960 
49.4949 197.9798 
81.8182 327.2727 
-39.3939 -157.5758 
-77.7778 -311.1111 
87.8788 351.5152 
3.0303 12.1212 
-3.0303 -12.1212 
-43.4343 -173.7374 
33.3333 133.3333 
91.9192 367.6768 
-41.4141 -165.6566 
-79.7980 -319.1919 
79.7980 319.1919 
29.2929 117.1717 
-100.0000 -400.0000 
71.7172 286.8687 
-83.8384 -335.3535 
65.6566 262.6263 
11.1111 44.4444 
-15.1515 -60.6061 
-33.3333 -133.3333 
-11.1111 -44.4444 
5.0505 20.2020 
-21.2121 -84.8485 
63.6364 254.5455 
-49.4949 -197.9798 
-13.1313 -52.5253 
39.3939 157.5758 
-5.0505 -20.2020 
43.4343 173.7374 
-27.2727 -109.0909 
37.3737 149.4949 
-63.6364 -254.5455 
-53.5354 -214.1414 
89.8990 359.5960 
-7.0707 -28.2828 
9.0909 36.3636 
51.5152 206.0606 
55.5556 222.2222 
-91.9192 -367.6768 
95.9596 383.8384 
-81.8182 -327.2727 
57.5758 230.3030 
75.7576 303.0303 
77.7778 311.1111 
83.8384 335.3535 
-57.5758 -230.3030 
-1.0101 -4.0404 
-35.3535 -141.4141 
21.2121 84.8485 
-17.1717 -68.6869 
-37.3737 -149.4949 
97.9798 391.9192 
-73.7374 -294.9495 
-65.6566 -262.6263 
-45.4545 -181.8182 
-29.2929 -117.1717 
-59.5960 -238.3838 
45.4545 181.8182 
100.0000 400.0000 
53.5354 214.1414 
69.6970 278.7879 
85.8586 343.4343 
-67.6768 -270.7071 
