1 100
-21.2121 -106.0606 
19.1919 95.9596 
33.3333 166.6667 
5.0505 25.2525 
29.2929 146.4646 
25.2525 126.2626 
-35.3535 -176.7677 
-57.5758 -287.8788 
59.5960 297.9798 
-71.7172 -358.5859 
-3.0303 -15.1515 
-89.8990 -449.4949 
-63.6364 -318.1818 
37.3737 186.8687 
-95.9596 -479.7980 
97.9798 489.8990 
-9.0909 -45.4545 
75.7576 378.7879 
21.2121 106.0606 
-47.4747 -237.3737 
-100.0000 -500.0000 
-19.1919 -95.9596 
-25.2525 -126.2626 
45.4545 227.2727 
-5.0505 -25.2525 
-29.2929 -146.4646 
-11.1111 -55.5556 
100.0000 500.0000 
-1.0101 -5.0505 
31.3131 156.5657 
9.0909 45.4545 
67.6768 338.3838 
-69.6970 -348.4848 
-27.2727 -136.3636 
-77.7778 -388.8889 
35.3535 176.7677 
-87.8788 -439.3939 
15.1515 75.7576 
-75.7576 -378.7879 
85.8586 429.2929 
-97.9798 -489.8990 
77.7778 388.8889 
-15.1515 -75.7576 
-7.0707 -35.3535 
71.7172 358.5859 
93.9394 469.6970 
-53.5354 -267.6768 
51.5152 257.5758 
17.1717 85.8586 
41.4141 207.0707 
-73.7374 -368.6869 
-43.4343 -217.1717 
-49.4949 -247.4747 
-93.9394 -469.6970 
3.0303 15.1515 
-85.8586 -429.2929 
7.0707 35.3535 
-79.7980 -398.9899 
39.3939 196.9697 
55.5556 277.7778 
91.9192 459.5960 
43.4343 217.1717 
-61.6162 -308.0808 
95.9596 479.7980 
69.6970 348.4848 
89.8990 449.4949 
57.5758 287.8788 
47.4747 237.3737 
27.2727 136.3636 
-45.4545 -227.2727 
53.5354 267.6768 
65.6566 328.2828 
-67.6768 -338.3838 
13.1313 65.6566 
-91.9192 -459.5960 
61.6162 308.0808 
73.7374 368.6869 
-13.1313 -65.6566 
-55.5556 -277.7778 
87.8788 439.3939 
11.1111 55.5556 
81.8182 409.0909 
-39.3939 -196.9697 
79.7980 398.9899 
83.8384 419.1919 
-81.8182 -409.0909 
-17.1717 -85.8586 
-41.4141 -207.0707 
-65.6566 -328.2828 
63.6364 318.1818 
-33.3333 -166.6667 
-83.8384 -419.1919 
-51.5152 -257.5758 
-23.2323 -116.1616 
-37.3737 -186.8687 
49.4949 247.4747 
1.0101 5.0505 
-31.3131 -156.5657 
-59.5960 -297.9798 
23.2323 116.1616 
