1 100
13.1313 78.7879 
-47.4747 -284.8485 
-51.5152 -309.0909 
17.1717 103.0303 
49.4949 296.9697 
77.7778 466.6667 
-87.8788 -527.2727 
-63.6364 -381.8182 
43.4343 260.6061 
25.2525 151.5152 
19.1919 115.1515 
-11.1111 -66.6667 
51.5152 309.0909 
97.9798 587.8788 
87.8788 527.2727 
3.0303 18.1818 
67.6768 406.0606 
65.6566 393.9394 
-65.6566 -393.9394 
69.6970 418.1818 
-21.2121 -127.2727 
-7.0707 -42.4242 
29.2929 175.7576 
-69.6970 -418.1818 
-55.5556 -333.3333 
89.8990 539.3939 
-73.7374 -442.4242 
-75.7576 -454.5455 
55.5556 333.3333 
-81.8182 -490.9091 
-95.9596 -575.7576 
-49.4949 -296.9697 
79.7980 478.7879 
-53.5354 -321.2121 
100.0000 600.0000 
-17.1717 -103.0303 
-19.1919 -115.1515 
-83.8384 -503.0303 
95.9596 575.7576 
-15.1515 -90.9091 
-85.8586 -515.1515 
-57.5758 -345.4545 
73.7374 442.4242 
83.8384 503.0303 
-97.9798 -587.8788 
-9.0909 -54.5455 
-77.7778 -466.6667 
-1.0101 -6.0606 
47.4747 284.8485 
-3.0303 -18.1818 
93.9394 563.6364 
-5.0505 -30.3030 
-27.2727 -163.6364 
-45.4545 -272.7273 
-79.7980 -478.7879 
-23.2323 -139.3939 
23.2323 139.3939 
27.2727 163.6364 
-89.8990 -539.3939 
45.4545 272.7273 
75.7576 454.5455 
-13.1313 -78.7879 
9.0909 54.5455 
85.8586 515.1515 
5.0505 30.3030 
11.1111 66.6667 
-67.6768 -406.0606 
59.5960 357.5758 
-91.9192 -551.5152 
39.3939 236.3636 
7.0707 42.4242 
71.7172 430.3030 
-31.3131 -187.8788 
-43.4343 -260.6061 
-71.7172 -430.3030 
15.1515 90.9091 
53.5354 321.2121 
-41.4141 -248.4848 
-100.0000 -600.0000 
-59.5960 -357.5758 
-39.3939 -236.3636 
-61.6162 -369.6970 
31.3131 187.8788 
35.3535 212.1212 
-93.9394 -563.6364 
-37.3737 -224.2424 
41.4141 248.4848 
57.5758 345.4545 
37.3737 224.2424 
63.6364 381.8182 
33.3333 200.0000 
81.8182 490.9091 
91.9192 551.5152 
21.2121 127.2727 
-35.3535 -212.1212 
-25.2525 -151.5152 
61.6162 369.6970 
-33.3333 -200.0000 
-29.2929 -175.7576 
1.0101 6.0606 
