1 100
-55.5556 -388.8889 
27.2727 190.9091 
47.4747 332.3232 
29.2929 205.0505 
-25.2525 -176.7677 
-53.5354 -374.7475 
57.5758 403.0303 
-37.3737 -261.6162 
83.8384 586.8687 
-9.0909 -63.6364 
49.4949 346.4646 
-31.3131 -219.1919 
-5.0505 -35.3535 
15.1515 106.0606 
-3.0303 -21.2121 
-23.2323 -162.6263 
-17.1717 -120.2020 
-83.8384 -586.8687 
-91.9192 -643.4343 
-27.2727 -190.9091 
11.1111 77.7778 
5.0505 35.3535 
-11.1111 -77.7778 
53.5354 374.7475 
-95.9596 -671.7172 
61.6162 431.3131 
89.8990 629.2929 
23.2323 162.6263 
39.3939 275.7576 
63.6364 445.4545 
67.6768 473.7374 
37.3737 261.6162 
-51.5152 -360.6061 
75.7576 530.3030 
-89.8990 -629.2929 
7.0707 49.4949 
95.9596 671.7172 
73.7374 516.1616 
-39.3939 -275.7576 
-63.6364 -445.4545 
21.2121 148.4848 
-87.8788 -615.1515 
-57.5758 -403.0303 
55.5556 388.8889 
1.0101 7.0707 
-61.6162 -431.3131 
91.9192 643.4343 
-85.8586 -601.0101 
-45.4545 -318.1818 
13.1313 91.9192 
-75.7576 -530.3030 
43.4343 304.0404 
-13.1313 -91.9192 
-67.6768 -473.7374 
-73.7374 -516.1616 
-47.4747 -332.3232 
-21.2121 -148.4848 
45.4545 318.1818 
-7.0707 -49.4949 
35.3535 247.4747 
-71.7172 -502.0202 
33.3333 233.3333 
-77.7778 -544.4444 
-35.3535 -247.4747 
85.8586 601.0101 
79.7980 558.5859 
-81.8182 -572.7273 
-59.5960 -417.1717 
-93.9394 -657.5758 
-19.1919 -134.3434 
25.2525 176.7677 
-49.4949 -346.4646 
-1.0101 -7.0707 
65.6566 459.5960 
9.0909 63.6364 
100.0000 700.0000 
-43.4343 -304.0404 
41.4141 289.8990 
-100.0000 -700.0000 
-33.3333 -233.3333 
-41.4141 -289.8990 
93.9394 657.5758 
77.7778 544.4444 
17.1717 120.2020 
-69.6970 -487.8788 
19.1919 134.3434 
3.0303 21.2121 
51.5152 360.6061 
-79.7980 -558.5859 
-29.2929 -205.0505 
69.6970 487.8788 
31.3131 219.1919 
-65.6566 -459.5960 
81.8182 572.7273 
71.7172 502.0202 
97.9798 685.8586 
59.5960 417.1717 
87.8788 615.1515 
-15.1515 -106.0606 
-97.9798 -685.8586 
