1 100
17.1717 137.3737 
33.3333 266.6667 
-29.2929 -234.3434 
23.2323 185.8586 
-27.2727 -218.1818 
-69.6970 -557.5758 
-47.4747 -379.7980 
-9.0909 -72.7273 
-7.0707 -56.5657 
41.4141 331.3131 
21.2121 169.6970 
-19.1919 -153.5354 
19.1919 153.5354 
29.2929 234.3434 
89.8990 719.1919 
61.6162 492.9293 
-67.6768 -541.4141 
100.0000 800.0000 
-17.1717 -137.3737 
-53.5354 -428.2828 
-45.4545 -363.6364 
-87.8788 -703.0303 
47.4747 379.7980 
79.7980 638.3838 
-13.1313 -105.0505 
69.6970 557.5758 
-91.9192 -735.3535 
-61.6162 -492.9293 
75.7576 606.0606 
45.4545 363.6364 
9.0909 72.7273 
-85.8586 -686.8687 
-89.8990 -719.1919 
97.9798 783.8384 
-100.0000 -800.0000 
83.8384 670.7071 
27.2727 218.1818 
-59.5960 -476.7677 
-3.0303 -24.2424 
63.6364 509.0909 
35.3535 282.8283 
-77.7778 -622.2222 
-23.2323 -185.8586 
5.0505 40.4040 
-1.0101 -8.0808 
7.0707 56.5657 
59.5960 476.7677 
-15.1515 -121.2121 
-79.7980 -638.3838 
-75.7576 -606.0606 
67.6768 541.4141 
-65.6566 -525.2525 
-71.7172 -573.7374 
11.1111 88.8889 
77.7778 622.2222 
-35.3535 -282.8283 
65.6566 525.2525 
-51.5152 -412.1212 
95.9596 767.6768 
85.8586 686.8687 
15.1515 121.2121 
-57.5758 -460.6061 
37.3737 298.9899 
-11.1111 -88.8889 
87.8788 703.0303 
-55.5556 -444.4444 
93.9394 751.5152 
-41.4141 -331.3131 
31.3131 250.5051 
-39.3939 -315.1515 
-49.4949 -395.9596 
-81.8182 -654.5455 
57.5758 460.6061 
55.5556 444.4444 
25.2525 202.0202 
49.4949 395.9596 
-73.7374 -589.8990 
-33.3333 -266.6667 
73.7374 589.8990 
-31.3131 -250.5051 
-37.3737 -298.9899 
-95.9596 -767.6768 
71.7172 573.7374 
51.5152 412.1212 
43.4343 347.4747 
-25.2525 -202.0202 
-21.2121 -169.6970 
1.0101 8.0808 
-63.6364 -509.0909 
-83.8384 -670.7071 
39.3939 315.1515 
-93.9394 -751.5152 
81.8182 654.5455 
-5.0505 -40.4040 
3.0303 24.2424 
53.5354 428.2828 
-43.4343 -347.4747 
13.1313 105.0505 
-97.9798 -783.8384 
91.9192 735.3535 
