1 100
-77.7778 -700.0000 
-15.1515 -136.3636 
-1.0101 -9.0909 
-9.0909 -81.8182 
81.8182 736.3636 
17.1717 154.5455 
-3.0303 -27.2727 
-13.1313 -118.1818 
1.0101 9.0909 
-43.4343 -390.9091 
-67.6768 -609.0909 
27.2727 245.4545 
-29.2929 -263.6364 
33.3333 300.0000 
43.4343 390.9091 
75.7576 681.8182 
83.8384 754.5455 
71.7172 645.4545 
35.3535 318.1818 
45.4545 409.0909 
61.6162 554.5455 
47.4747 427.2727 
59.5960 536.3636 
-61.6162 -554.5455 
49.4949 445.4545 
-55.5556 -500.0000 
-33.3333 -300.0000 
79.7980 718.1818 
-91.9192 -827.2727 
-95.9596 -863.6364 
15.1515 136.3636 
65.6566 590.9091 
-93.9394 -845.4545 
-85.8586 -772.7273 
51.5152 463.6364 
100.0000 900.0000 
-71.7172 -645.4545 
-41.4141 -372.7273 
-23.2323 -209.0909 
-17.1717 -154.5455 
-63.6364 -572.7273 
19.1919 172.7273 
55.5556 500.0000 
95.9596 863.6364 
5.0505 45.4545 
39.3939 354.5455 
-7.0707 -63.6364 
-45.4545 -409.0909 
-65.6566 -590.9091 
11.1111 100.0000 
29.2929 263.6364 
-100.0000 -900.0000 
89.8990 809.0909 
-73.7374 -663.6364 
-11.1111 -100.0000 
-75.7576 -681.8182 
-25.2525 -227.2727 
-97.9798 -881.8182 
3.0303 27.2727 
-69.6970 -627.2727 
-53.5354 -481.8182 
41.4141 372.7273 
21.2121 190.9091 
-19.1919 -172.7273 
-79.7980 -718.1818 
31.3131 281.8182 
13.1313 118.1818 
-51.5152 -463.6364 
67.6768 609.0909 
57.5758 518.1818 
-57.5758 -518.1818 
-83.8384 -754.5455 
-5.0505 -45.4545 
25.2525 227.2727 
53.5354 481.8182 
77.7778 700.0000 
-87.8788 -790.9091 
97.9798 881.8182 
23.2323 209.0909 
-35.3535 -318.1818 
-27.2727 -245.4545 
9.0909 81.8182 
-21.2121 -190.9091 
-81.8182 -736.3636 
37.3737 336.3636 
85.8586 772.7273 
7.0707 63.6364 
73.7374 663.6364 
-89.8990 -809.0909 
-39.3939 -354.5455 
93.9394 845.4545 
-49.4949 -445.4545 
-31.3131 -281.8182 
-37.3737 -336.3636 
-59.5960 -536.3636 
91.9192 827.2727 
69.6970 627.2727 
63.6364 572.7273 
87.8788 790.9091 
-47.4747 -427.2727 
