1 100
-29.2929 -292.9293 
-53.5354 -535.3535 
93.9394 939.3939 
-93.9394 -939.3939 
-77.7778 -777.7778 
-95.9596 -959.5960 
-13.1313 -131.3131 
-21.2121 -212.1212 
-45.4545 -454.5455 
-9.0909 -90.9091 
-67.6768 -676.7677 
59.5960 595.9596 
45.4545 454.5455 
71.7172 717.1717 
69.6970 696.9697 
57.5758 575.7576 
-27.2727 -272.7273 
31.3131 313.1313 
-5.0505 -50.5051 
-25.2525 -252.5253 
89.8990 898.9899 
95.9596 959.5960 
-57.5758 -575.7576 
-87.8788 -878.7879 
49.4949 494.9495 
-75.7576 -757.5758 
33.3333 333.3333 
-83.8384 -838.3838 
-49.4949 -494.9495 
35.3535 353.5354 
-17.1717 -171.7172 
-61.6162 -616.1616 
53.5354 535.3535 
-97.9798 -979.7980 
21.2121 212.1212 
-1.0101 -10.1010 
-85.8586 -858.5859 
-89.8990 -898.9899 
23.2323 232.3232 
61.6162 616.1616 
9.0909 90.9091 
-63.6364 -636.3636 
-73.7374 -737.3737 
81.8182 818.1818 
11.1111 111.1111 
83.8384 838.3838 
-7.0707 -70.7071 
13.1313 131.3131 
-3.0303 -30.3030 
-91.9192 -919.1919 
-100.0000 -1000.0000 
15.1515 151.5152 
1.0101 10.1010 
-41.4141 -414.1414 
-37.3737 -373.7374 
67.6768 676.7677 
55.5556 555.5556 
17.1717 171.7172 
91.9192 919.1919 
-55.5556 -555.5556 
65.6566 656.5657 
85.8586 858.5859 
3.0303 30.3030 
-81.8182 -818.1818 
43.4343 434.3434 
-33.3333 -333.3333 
-31.3131 -313.1313 
-43.4343 -434.3434 
41.4141 414.1414 
87.8788 878.7879 
7.0707 70.7071 
-69.6970 -696.9697 
25.2525 252.5253 
51.5152 515.1515 
73.7374 737.3737 
-39.3939 -393.9394 
37.3737 373.7374 
47.4747 474.7475 
39.3939 393.9394 
-35.3535 -353.5354 
77.7778 777.7778 
5.0505 50.5051 
79.7980 797.9798 
29.2929 292.9293 
19.1919 191.9192 
100.0000 1000.0000 
-47.4747 -474.7475 
27.2727 272.7273 
-23.2323 -232.3232 
97.9798 979.7980 
-15.1515 -151.5152 
-59.5960 -595.9596 
-65.6566 -656.5657 
63.6364 636.3636 
75.7576 757.5758 
-11.1111 -111.1111 
-51.5152 -515.1515 
-19.1919 -191.9192 
-71.7172 -717.1717 
-79.7980 -797.9798 
