1 100
-83.8384 -73.8384 
-41.4141 -31.4141 
-45.4545 -35.4545 
87.8788 97.8788 
-15.1515 -5.1515 
-1.0101 8.9899 
61.6162 71.6162 
27.2727 37.2727 
21.2121 31.2121 
-33.3333 -23.3333 
37.3737 47.3737 
-19.1919 -9.1919 
-91.9192 -81.9192 
-47.4747 -37.4747 
-67.6768 -57.6768 
31.3131 41.3131 
43.4343 53.4343 
25.2525 35.2525 
-97.9798 -87.9798 
3.0303 13.0303 
-73.7374 -63.7374 
35.3535 45.3535 
63.6364 73.6364 
-79.7980 -69.7980 
49.4949 59.4949 
93.9394 103.9394 
-77.7778 -67.7778 
-55.5556 -45.5556 
85.8586 95.8586 
41.4141 51.4141 
100.0000 110.0000 
19.1919 29.1919 
81.8182 91.8182 
-61.6162 -51.6162 
33.3333 43.3333 
55.5556 65.5556 
51.5152 61.5152 
65.6566 75.6566 
57.5758 67.5758 
7.0707 17.0707 
97.9798 107.9798 
-27.2727 -17.2727 
1.0101 11.0101 
91.9192 101.9192 
-9.0909 0.9091 
-23.2323 -13.2323 
-75.7576 -65.7576 
59.5960 69.5960 
-11.1111 -1.1111 
-3.0303 6.9697 
-89.8990 -79.8990 
-53.5354 -43.5354 
73.7374 83.7374 
29.2929 39.2929 
-95.9596 -85.9596 
-7.0707 2.9293 
-49.4949 -39.4949 
-31.3131 -21.3131 
-93.9394 -83.9394 
23.2323 33.2323 
-65.6566 -55.6566 
-85.8586 -75.8586 
-69.6970 -59.6970 
-21.2121 -11.2121 
-37.3737 -27.3737 
39.3939 49.3939 
13.1313 23.1313 
47.4747 57.4747 
11.1111 21.1111 
-71.7172 -61.7172 
-39.3939 -29.3939 
17.1717 27.1717 
-29.2929 -19.2929 
69.6970 79.6970 
-51.5152 -41.5152 
5.0505 15.0505 
45.4545 55.4545 
-35.3535 -25.3535 
-5.0505 4.9495 
95.9596 105.9596 
-43.4343 -33.4343 
67.6768 77.6768 
89.8990 99.8990 
-57.5758 -47.5758 
9.0909 19.0909 
-25.2525 -15.2525 
75.7576 85.7576 
-63.6364 -53.6364 
79.7980 89.7980 
53.5354 63.5354 
83.8384 93.8384 
15.1515 25.1515 
-81.8182 -71.8182 
71.7172 81.7172 
77.7778 87.7778 
-87.8788 -77.8788 
-100.0000 -90.0000 
-13.1313 -3.1313 
-17.1717 -7.1717 
-59.5960 -49.5960 
