1 100
-39.3939 -69.7879 
-57.5758 -106.1515 
35.3535 79.7071 
-45.4545 -81.9091 
-43.4343 -77.8687 
63.6364 136.2727 
-51.5152 -94.0303 
-19.1919 -29.3838 
-79.7980 -150.5960 
91.9192 192.8384 
11.1111 31.2222 
71.7172 152.4343 
-49.4949 -89.9899 
-61.6162 -114.2323 
-100.0000 -191.0000 
-33.3333 -57.6667 
-97.9798 -186.9596 
-85.8586 -162.7172 
-91.9192 -174.8384 
-29.2929 -49.5859 
85.8586 180.7172 
73.7374 156.4747 
-31.3131 -53.6263 
7.0707 23.1414 
65.6566 140.3131 
27.2727 63.5455 
-63.6364 -118.2727 
-93.9394 -178.8788 
57.5758 124.1515 
55.5556 120.1111 
53.5354 116.0707 
-11.1111 -13.2222 
9.0909 27.1818 
-37.3737 -65.7475 
100.0000 209.0000 
-75.7576 -142.5152 
-13.1313 -17.2626 
-47.4747 -85.9495 
-41.4141 -73.8283 
-81.8182 -154.6364 
45.4545 99.9091 
-1.0101 6.9798 
31.3131 71.6263 
93.9394 196.8788 
17.1717 43.3434 
-27.2727 -45.5455 
83.8384 176.6768 
69.6970 148.3939 
-3.0303 2.9394 
-95.9596 -182.9192 
-71.7172 -134.4343 
61.6162 132.2323 
13.1313 35.2626 
1.0101 11.0202 
-55.5556 -102.1111 
-23.2323 -37.4646 
3.0303 15.0606 
43.4343 95.8687 
19.1919 47.3838 
79.7980 168.5960 
-15.1515 -21.3030 
5.0505 19.1010 
77.7778 164.5556 
-89.8990 -170.7980 
-67.6768 -126.3535 
-21.2121 -33.4242 
67.6768 144.3535 
23.2323 55.4646 
49.4949 107.9899 
97.9798 204.9596 
-87.8788 -166.7576 
21.2121 51.4242 
25.2525 59.5051 
-73.7374 -138.4747 
-9.0909 -9.1818 
-7.0707 -5.1414 
33.3333 75.6667 
81.8182 172.6364 
-17.1717 -25.3434 
41.4141 91.8283 
-77.7778 -146.5556 
95.9596 200.9192 
-25.2525 -41.5051 
-5.0505 -1.1010 
89.8990 188.7980 
51.5152 112.0303 
-35.3535 -61.7071 
29.2929 67.5859 
75.7576 160.5152 
-83.8384 -158.6768 
39.3939 87.7879 
47.4747 103.9495 
-65.6566 -122.3131 
87.8788 184.7576 
-59.5960 -110.1919 
15.1515 39.3030 
-53.5354 -98.0707 
59.5960 128.1919 
-69.6970 -130.3939 
37.3737 83.7475 
