1 100
49.4949 156.4848 
-47.4747 -134.4242 
13.1313 47.3939 
95.9596 295.8788 
-43.4343 -122.3030 
71.7172 223.1515 
-49.4949 -140.4848 
-23.2323 -61.6970 
17.1717 59.5152 
1.0101 11.0303 
-87.8788 -255.6364 
31.3131 101.9394 
-39.3939 -110.1818 
9.0909 35.2727 
-15.1515 -37.4545 
-27.2727 -73.8182 
-91.9192 -267.7576 
35.3535 114.0606 
37.3737 120.1212 
-79.7980 -231.3939 
57.5758 180.7273 
85.8586 265.5758 
47.4747 150.4242 
-5.0505 -7.1515 
79.7980 247.3939 
-95.9596 -279.8788 
-17.1717 -43.5152 
-55.5556 -158.6667 
-77.7778 -225.3333 
87.8788 271.6364 
-75.7576 -219.2727 
19.1919 65.5758 
-35.3535 -98.0606 
-19.1919 -49.5758 
-73.7374 -213.2121 
-7.0707 -13.2121 
-37.3737 -104.1212 
67.6768 211.0303 
-1.0101 4.9697 
-67.6768 -195.0303 
73.7374 229.2121 
15.1515 53.4545 
51.5152 162.5455 
23.2323 77.6970 
61.6162 192.8485 
65.6566 204.9697 
69.6970 217.0909 
-85.8586 -249.5758 
-57.5758 -164.7273 
91.9192 283.7576 
-31.3131 -85.9394 
63.6364 198.9091 
-59.5960 -170.7879 
-53.5354 -152.6061 
29.2929 95.8788 
77.7778 241.3333 
53.5354 168.6061 
33.3333 108.0000 
-89.8990 -261.6970 
97.9798 301.9394 
-3.0303 -1.0909 
7.0707 29.2121 
-83.8384 -243.5152 
-21.2121 -55.6364 
55.5556 174.6667 
-65.6566 -188.9697 
75.7576 235.2727 
-13.1313 -31.3939 
93.9394 289.8182 
27.2727 89.8182 
-63.6364 -182.9091 
-93.9394 -273.8182 
-25.2525 -67.7576 
-51.5152 -146.5455 
-45.4545 -128.3636 
-69.6970 -201.0909 
-33.3333 -92.0000 
43.4343 138.3030 
-41.4141 -116.2424 
25.2525 83.7576 
-61.6162 -176.8485 
-81.8182 -237.4545 
59.5960 186.7879 
89.8990 277.6970 
5.0505 23.1515 
-9.0909 -19.2727 
21.2121 71.6364 
-100.0000 -292.0000 
-71.7172 -207.1515 
-11.1111 -25.3333 
100.0000 308.0000 
11.1111 41.3333 
3.0303 17.0909 
45.4545 144.3636 
-29.2929 -79.8788 
81.8182 253.4545 
83.8384 259.5152 
39.3939 126.1818 
-97.9798 -285.9394 
41.4141 132.2424 
