1 100
-9.0909 -29.3636 
11.1111 51.4444 
-43.4343 -166.7374 
57.5758 237.3030 
-63.6364 -247.5455 
9.0909 43.3636 
33.3333 140.3333 
89.8990 366.5960 
-11.1111 -37.4444 
15.1515 67.6061 
-19.1919 -69.7677 
-57.5758 -223.3030 
-17.1717 -61.6869 
-35.3535 -134.4141 
-47.4747 -182.8990 
-75.7576 -296.0303 
61.6162 253.4646 
-69.6970 -271.7879 
-71.7172 -279.8687 
-91.9192 -360.6768 
-77.7778 -304.1111 
59.5960 245.3838 
-39.3939 -150.5758 
21.2121 91.8485 
-97.9798 -384.9192 
-59.5960 -231.3838 
-3.0303 -5.1212 
31.3131 132.2525 
-87.8788 -344.5152 
19.1919 83.7677 
-49.4949 -190.9798 
67.6768 277.7071 
45.4545 188.8182 
49.4949 204.9798 
-7.0707 -21.2828 
41.4141 172.6566 
-41.4141 -158.6566 
-89.8990 -352.5960 
35.3535 148.4141 
-79.7980 -312.1919 
65.6566 269.6263 
23.2323 99.9293 
-81.8182 -320.2727 
5.0505 27.2020 
-5.0505 -13.2020 
63.6364 261.5455 
97.9798 398.9192 
37.3737 156.4949 
83.8384 342.3535 
13.1313 59.5253 
39.3939 164.5758 
77.7778 318.1111 
-27.2727 -102.0909 
-33.3333 -126.3333 
-1.0101 2.9596 
55.5556 229.2222 
93.9394 382.7576 
91.9192 374.6768 
53.5354 221.1414 
-51.5152 -199.0606 
-73.7374 -287.9495 
-65.6566 -255.6263 
-25.2525 -94.0101 
-29.2929 -110.1717 
29.2929 124.1717 
51.5152 213.0606 
-100.0000 -393.0000 
69.6970 285.7879 
-21.2121 -77.8485 
17.1717 75.6869 
-23.2323 -85.9293 
87.8788 358.5152 
43.4343 180.7374 
3.0303 19.1212 
-13.1313 -45.5253 
-15.1515 -53.6061 
73.7374 301.9495 
79.7980 326.1919 
-85.8586 -336.4343 
81.8182 334.2727 
-67.6768 -263.7071 
-93.9394 -368.7576 
-55.5556 -215.2222 
25.2525 108.0101 
47.4747 196.8990 
-45.4545 -174.8182 
-95.9596 -376.8384 
100.0000 407.0000 
-53.5354 -207.1414 
-61.6162 -239.4646 
95.9596 390.8384 
-83.8384 -328.3535 
7.0707 35.2828 
75.7576 310.0303 
-37.3737 -142.4949 
-31.3131 -118.2525 
1.0101 11.0404 
71.7172 293.8687 
85.8586 350.4343 
27.2727 116.0909 
