1 100
7.0707 41.3535 
-3.0303 -9.1515 
53.5354 273.6768 
-89.8990 -443.4949 
41.4141 213.0707 
-77.7778 -382.8889 
51.5152 263.5758 
49.4949 253.4747 
29.2929 152.4646 
-79.7980 -392.9899 
-85.8586 -423.2929 
87.8788 445.3939 
-59.5960 -291.9798 
45.4545 233.2727 
47.4747 243.3737 
89.8990 455.4949 
33.3333 172.6667 
23.2323 122.1616 
1.0101 11.0505 
-47.4747 -231.3737 
21.2121 112.0606 
71.7172 364.5859 
-87.8788 -433.3939 
-33.3333 -160.6667 
-81.8182 -403.0909 
11.1111 61.5556 
-69.6970 -342.4848 
13.1313 71.6566 
-95.9596 -473.7980 
77.7778 394.8889 
-43.4343 -211.1717 
69.6970 354.4848 
-21.2121 -100.0606 
-19.1919 -89.9596 
-51.5152 -251.5758 
-7.0707 -29.3535 
-71.7172 -352.5859 
-97.9798 -483.8990 
17.1717 91.8586 
95.9596 485.7980 
-29.2929 -140.4646 
-31.3131 -150.5657 
65.6566 334.2828 
37.3737 192.8687 
27.2727 142.3636 
-25.2525 -120.2626 
55.5556 283.7778 
-41.4141 -201.0707 
91.9192 465.5960 
-45.4545 -221.2727 
63.6364 324.1818 
-55.5556 -271.7778 
59.5960 303.9798 
-93.9394 -463.6970 
-49.4949 -241.4747 
-15.1515 -69.7576 
-35.3535 -170.7677 
-83.8384 -413.1919 
-57.5758 -281.8788 
81.8182 415.0909 
-23.2323 -110.1616 
39.3939 202.9697 
-1.0101 0.9495 
100.0000 506.0000 
-100.0000 -494.0000 
57.5758 293.8788 
-13.1313 -59.6566 
19.1919 101.9596 
-39.3939 -190.9697 
-75.7576 -372.7879 
43.4343 223.1717 
79.7980 404.9899 
-5.0505 -19.2525 
-65.6566 -322.2828 
85.8586 435.2929 
35.3535 182.7677 
5.0505 31.2525 
9.0909 51.4545 
61.6162 314.0808 
25.2525 132.2626 
-67.6768 -332.3838 
-27.2727 -130.3636 
3.0303 21.1515 
-61.6162 -302.0808 
31.3131 162.5657 
-63.6364 -312.1818 
-53.5354 -261.6768 
73.7374 374.6869 
83.8384 425.1919 
-11.1111 -49.5556 
-73.7374 -362.6869 
67.6768 344.3838 
75.7576 384.7879 
-9.0909 -39.4545 
15.1515 81.7576 
97.9798 495.8990 
-91.9192 -453.5960 
-37.3737 -180.8687 
-17.1717 -79.8586 
93.9394 475.6970 
