1 100
-67.6768 -401.0606 
93.9394 568.6364 
-45.4545 -267.7273 
13.1313 83.7879 
-87.8788 -522.2727 
-9.0909 -49.5455 
9.0909 59.5455 
-37.3737 -219.2424 
-89.8990 -534.3939 
-17.1717 -98.0303 
73.7374 447.4242 
95.9596 580.7576 
53.5354 326.2121 
-31.3131 -182.8788 
-83.8384 -498.0303 
-69.6970 -413.1818 
-79.7980 -473.7879 
-57.5758 -340.4545 
-59.5960 -352.5758 
23.2323 144.3939 
-27.2727 -158.6364 
25.2525 156.5152 
-25.2525 -146.5152 
35.3535 217.1212 
-63.6364 -376.8182 
-39.3939 -231.3636 
-47.4747 -279.8485 
17.1717 108.0303 
21.2121 132.2727 
47.4747 289.8485 
51.5152 314.0909 
-73.7374 -437.4242 
45.4545 277.7273 
65.6566 398.9394 
-97.9798 -582.8788 
-93.9394 -558.6364 
69.6970 423.1818 
-21.2121 -122.2727 
29.2929 180.7576 
89.8990 544.3939 
-100.0000 -595.0000 
-7.0707 -37.4242 
3.0303 23.1818 
61.6162 374.6970 
83.8384 508.0303 
85.8586 520.1515 
15.1515 95.9091 
-81.8182 -485.9091 
-55.5556 -328.3333 
63.6364 386.8182 
-1.0101 -1.0606 
59.5960 362.5758 
-61.6162 -364.6970 
-15.1515 -85.9091 
67.6768 411.0606 
-77.7778 -461.6667 
97.9798 592.8788 
-51.5152 -304.0909 
-23.2323 -134.3939 
-33.3333 -195.0000 
-35.3535 -207.1212 
-85.8586 -510.1515 
-95.9596 -570.7576 
77.7778 471.6667 
-91.9192 -546.5152 
7.0707 47.4242 
87.8788 532.2727 
11.1111 71.6667 
81.8182 495.9091 
-11.1111 -61.6667 
41.4141 253.4848 
75.7576 459.5455 
19.1919 120.1515 
71.7172 435.3030 
1.0101 11.0606 
79.7980 483.7879 
27.2727 168.6364 
-29.2929 -170.7576 
-5.0505 -25.3030 
-43.4343 -255.6061 
-19.1919 -110.1515 
39.3939 241.3636 
100.0000 605.0000 
5.0505 35.3030 
-41.4141 -243.4848 
37.3737 229.2424 
-13.1313 -73.7879 
-49.4949 -291.9697 
-65.6566 -388.9394 
57.5758 350.4545 
91.9192 556.5152 
49.4949 301.9697 
33.3333 205.0000 
-53.5354 -316.2121 
-3.0303 -13.1818 
43.4343 265.6061 
55.5556 338.3333 
-75.7576 -449.5455 
31.3131 192.8788 
-71.7172 -425.3030 
