1 100
39.3939 279.7576 
-17.1717 -116.2020 
35.3535 251.4747 
67.6768 477.7374 
43.4343 308.0404 
-91.9192 -639.4343 
93.9394 661.5758 
63.6364 449.4545 
79.7980 562.5859 
23.2323 166.6263 
-63.6364 -441.4545 
-57.5758 -399.0303 
-35.3535 -243.4747 
13.1313 95.9192 
47.4747 336.3232 
-75.7576 -526.3030 
95.9596 675.7172 
-49.4949 -342.4646 
89.8990 633.2929 
53.5354 378.7475 
-55.5556 -384.8889 
83.8384 590.8687 
5.0505 39.3535 
-97.9798 -681.8586 
69.6970 491.8788 
51.5152 364.6061 
85.8586 605.0101 
-83.8384 -582.8687 
-81.8182 -568.7273 
-13.1313 -87.9192 
-95.9596 -667.7172 
25.2525 180.7677 
-19.1919 -130.3434 
-9.0909 -59.6364 
57.5758 407.0303 
-69.6970 -483.8788 
75.7576 534.3030 
-79.7980 -554.5859 
11.1111 81.7778 
61.6162 435.3131 
-59.5960 -413.1717 
3.0303 25.2121 
81.8182 576.7273 
-5.0505 -31.3535 
-43.4343 -300.0404 
-93.9394 -653.5758 
33.3333 237.3333 
-45.4545 -314.1818 
-11.1111 -73.7778 
-27.2727 -186.9091 
-39.3939 -271.7576 
9.0909 67.6364 
41.4141 293.8990 
91.9192 647.4343 
55.5556 392.8889 
87.8788 619.1515 
-51.5152 -356.6061 
65.6566 463.5960 
-77.7778 -540.4444 
-67.6768 -469.7374 
19.1919 138.3434 
7.0707 53.4949 
-87.8788 -611.1515 
29.2929 209.0505 
-21.2121 -144.4848 
73.7374 520.1616 
49.4949 350.4646 
-25.2525 -172.7677 
-31.3131 -215.1919 
-65.6566 -455.5960 
45.4545 322.1818 
31.3131 223.1919 
-61.6162 -427.3131 
37.3737 265.6162 
-23.2323 -158.6263 
-41.4141 -285.8990 
100.0000 704.0000 
-85.8586 -597.0101 
59.5960 421.1717 
71.7172 506.0202 
-1.0101 -3.0707 
-3.0303 -17.2121 
77.7778 548.4444 
-37.3737 -257.6162 
-29.2929 -201.0505 
-15.1515 -102.0606 
-89.8990 -625.2929 
-47.4747 -328.3232 
15.1515 110.0606 
-7.0707 -45.4949 
17.1717 124.2020 
-71.7172 -498.0202 
-73.7374 -512.1616 
27.2727 194.9091 
97.9798 689.8586 
-33.3333 -229.3333 
1.0101 11.0707 
-53.5354 -370.7475 
21.2121 152.4848 
-100.0000 -696.0000 
