1 100
-9.0909 -69.7273 
1.0101 11.0808 
-37.3737 -295.9899 
47.4747 382.7980 
-41.4141 -328.3131 
-45.4545 -360.6364 
65.6566 528.2525 
67.6768 544.4141 
-69.6970 -554.5758 
3.0303 27.2424 
17.1717 140.3737 
55.5556 447.4444 
73.7374 592.8990 
-100.0000 -797.0000 
85.8586 689.8687 
11.1111 91.8889 
-51.5152 -409.1212 
43.4343 350.4747 
61.6162 495.9293 
19.1919 156.5354 
-5.0505 -37.4040 
-67.6768 -538.4141 
41.4141 334.3131 
89.8990 722.1919 
91.9192 738.3535 
-21.2121 -166.6970 
15.1515 124.2121 
-71.7172 -570.7374 
13.1313 108.0505 
-61.6162 -489.9293 
29.2929 237.3434 
-79.7980 -635.3838 
21.2121 172.6970 
69.6970 560.5758 
-75.7576 -603.0606 
-73.7374 -586.8990 
-33.3333 -263.6667 
81.8182 657.5455 
-87.8788 -700.0303 
-81.8182 -651.5455 
31.3131 253.5051 
-25.2525 -199.0202 
9.0909 75.7273 
-53.5354 -425.2828 
57.5758 463.6061 
97.9798 786.8384 
-63.6364 -506.0909 
-17.1717 -134.3737 
-77.7778 -619.2222 
95.9596 770.6768 
-91.9192 -732.3535 
-19.1919 -150.5354 
59.5960 479.7677 
-27.2727 -215.1818 
7.0707 59.5657 
87.8788 706.0303 
-83.8384 -667.7071 
-65.6566 -522.2525 
-43.4343 -344.4747 
77.7778 625.2222 
-13.1313 -102.0505 
-89.8990 -716.1919 
-95.9596 -764.6768 
37.3737 301.9899 
75.7576 609.0606 
-49.4949 -392.9596 
-3.0303 -21.2424 
-29.2929 -231.3434 
33.3333 269.6667 
100.0000 803.0000 
-59.5960 -473.7677 
39.3939 318.1515 
49.4949 398.9596 
-31.3131 -247.5051 
79.7980 641.3838 
-7.0707 -53.5657 
-93.9394 -748.5152 
-35.3535 -279.8283 
-57.5758 -457.6061 
27.2727 221.1818 
-1.0101 -5.0808 
-55.5556 -441.4444 
-85.8586 -683.8687 
5.0505 43.4040 
51.5152 415.1212 
-97.9798 -780.8384 
-15.1515 -118.2121 
63.6364 512.0909 
53.5354 431.2828 
25.2525 205.0202 
83.8384 673.7071 
-11.1111 -85.8889 
-39.3939 -312.1515 
-47.4747 -376.7980 
35.3535 285.8283 
45.4545 366.6364 
23.2323 188.8586 
93.9394 754.5152 
-23.2323 -182.8586 
71.7172 576.7374 
