1 100
83.8384 756.5455 
41.4141 374.7273 
-11.1111 -98.0000 
-87.8788 -788.9091 
61.6162 556.5455 
75.7576 683.8182 
-100.0000 -898.0000 
-73.7374 -661.6364 
95.9596 865.6364 
51.5152 465.6364 
-77.7778 -698.0000 
9.0909 83.8182 
-5.0505 -43.4545 
-51.5152 -461.6364 
-81.8182 -734.3636 
-79.7980 -716.1818 
65.6566 592.9091 
-49.4949 -443.4545 
1.0101 11.0909 
-69.6970 -625.2727 
57.5758 520.1818 
-25.2525 -225.2727 
31.3131 283.8182 
29.2929 265.6364 
-91.9192 -825.2727 
5.0505 47.4545 
-37.3737 -334.3636 
-1.0101 -7.0909 
97.9798 883.8182 
-75.7576 -679.8182 
81.8182 738.3636 
3.0303 29.2727 
23.2323 211.0909 
89.8990 811.0909 
27.2727 247.4545 
-55.5556 -498.0000 
-59.5960 -534.3636 
-89.8990 -807.0909 
79.7980 720.1818 
-23.2323 -207.0909 
-15.1515 -134.3636 
-67.6768 -607.0909 
-65.6566 -588.9091 
77.7778 702.0000 
53.5354 483.8182 
7.0707 65.6364 
-57.5758 -516.1818 
-7.0707 -61.6364 
-33.3333 -298.0000 
55.5556 502.0000 
87.8788 792.9091 
-27.2727 -243.4545 
43.4343 392.9091 
-31.3131 -279.8182 
69.6970 629.2727 
-43.4343 -388.9091 
35.3535 320.1818 
73.7374 665.6364 
-9.0909 -79.8182 
67.6768 611.0909 
37.3737 338.3636 
49.4949 447.4545 
11.1111 102.0000 
25.2525 229.2727 
85.8586 774.7273 
-53.5354 -479.8182 
-97.9798 -879.8182 
21.2121 192.9091 
-29.2929 -261.6364 
71.7172 647.4545 
63.6364 574.7273 
17.1717 156.5455 
15.1515 138.3636 
-13.1313 -116.1818 
-21.2121 -188.9091 
91.9192 829.2727 
13.1313 120.1818 
59.5960 538.3636 
-93.9394 -843.4545 
100.0000 902.0000 
47.4747 429.2727 
-61.6162 -552.5455 
45.4545 411.0909 
-63.6364 -570.7273 
-83.8384 -752.5455 
-47.4747 -425.2727 
33.3333 302.0000 
-39.3939 -352.5455 
-85.8586 -770.7273 
93.9394 847.4545 
-45.4545 -407.0909 
-95.9596 -861.6364 
-41.4141 -370.7273 
-19.1919 -170.7273 
-17.1717 -152.5455 
19.1919 174.7273 
-71.7172 -643.4545 
39.3939 356.5455 
-3.0303 -25.2727 
-35.3535 -316.1818 
