1 100
-35.3535 -352.5354 
93.9394 940.3939 
83.8384 839.3838 
-59.5960 -594.9596 
77.7778 778.7778 
43.4343 435.3434 
61.6162 617.1616 
79.7980 798.9798 
-57.5758 -574.7576 
39.3939 394.9394 
45.4545 455.5455 
-1.0101 -9.1010 
69.6970 697.9697 
-91.9192 -918.1919 
67.6768 677.7677 
37.3737 374.7374 
-19.1919 -190.9192 
-21.2121 -211.1212 
19.1919 192.9192 
55.5556 556.5556 
-83.8384 -837.3838 
57.5758 576.7576 
25.2525 253.5253 
31.3131 314.1313 
75.7576 758.5758 
-43.4343 -433.3434 
27.2727 273.7273 
-7.0707 -69.7071 
-77.7778 -776.7778 
65.6566 657.5657 
-61.6162 -615.1616 
11.1111 112.1111 
-49.4949 -493.9495 
7.0707 71.7071 
-87.8788 -877.7879 
-15.1515 -150.5152 
-69.6970 -695.9697 
13.1313 132.3131 
53.5354 536.3535 
71.7172 718.1717 
33.3333 334.3333 
-11.1111 -110.1111 
47.4747 475.7475 
-81.8182 -817.1818 
29.2929 293.9293 
91.9192 920.1919 
-67.6768 -675.7677 
35.3535 354.5354 
-95.9596 -958.5960 
97.9798 980.7980 
63.6364 637.3636 
-9.0909 -89.9091 
-29.2929 -291.9293 
85.8586 859.5859 
-3.0303 -29.3030 
-5.0505 -49.5051 
21.2121 213.1212 
-93.9394 -938.3939 
51.5152 516.1515 
-25.2525 -251.5253 
-41.4141 -413.1414 
23.2323 233.3232 
-75.7576 -756.5758 
-13.1313 -130.3131 
5.0505 51.5051 
3.0303 31.3030 
59.5960 596.9596 
-37.3737 -372.7374 
-45.4545 -453.5455 
17.1717 172.7172 
-51.5152 -514.1515 
-89.8990 -897.9899 
-31.3131 -312.1313 
9.0909 91.9091 
-47.4747 -473.7475 
-23.2323 -231.3232 
-100.0000 -999.0000 
-33.3333 -332.3333 
73.7374 738.3737 
-63.6364 -635.3636 
95.9596 960.5960 
87.8788 879.7879 
-73.7374 -736.3737 
-27.2727 -271.7273 
-53.5354 -534.3535 
-97.9798 -978.7980 
-39.3939 -392.9394 
-71.7172 -716.1717 
-85.8586 -857.5859 
1.0101 11.1010 
15.1515 152.5152 
-79.7980 -796.9798 
-65.6566 -655.5657 
81.8182 819.1818 
-55.5556 -554.5556 
41.4141 415.1414 
100.0000 1001.0000 
49.4949 495.9495 
-17.1717 -170.7172 
89.8990 899.9899 
