1 100
-28.3916 -4.3234 
26.5740 20.9985 
53.4129 19.1187 
79.7731 78.1592 
93.4200 87.6569 
8.0729 7.3599 
-18.0227 -18.9980 
70.6105 96.8877 
-28.1718 -9.5090 
55.3520 74.1219 
5.9434 -14.1004 
38.3997 65.8483 
29.8490 45.4024 
-92.4466 -87.0958 
4.9246 15.7444 
-29.6878 -30.8899 
71.5600 73.0808 
-76.9200 -69.0855 
28.1704 37.8360 
-13.2953 -25.9613 
87.7125 91.0276 
106.1525 79.1693 
-42.1002 -50.2631 
-84.8360 -79.1708 
-105.3479 -85.2279 
-36.1906 -39.7316 
-6.6841 -9.1102 
-12.9475 -29.1297 
94.9477 103.7802 
-16.6986 -24.8833 
-97.8387 -94.7554 
-86.0063 -109.6622 
-59.3970 -40.4270 
-92.5435 -79.4432 
9.1739 42.5451 
39.4155 41.0347 
-2.7811 14.9017 
-91.9299 -88.3750 
-51.9914 -27.9828 
-76.2862 -99.0217 
-83.6336 -93.2027 
58.7451 74.7103 
23.2708 34.2748 
-13.6439 -28.3601 
30.9072 33.7386 
59.2949 54.8725 
-39.4766 -27.4109 
-65.9844 -44.6916 
59.5571 51.2711 
54.6533 38.3615 
84.9555 77.4915 
-22.7315 -22.3188 
17.4209 4.7261 
9.5026 -22.5934 
-72.8810 -75.4163 
59.3409 62.4189 
57.1426 60.8033 
80.1386 87.7924 
9.0334 -4.7258 
25.1889 35.1772 
55.9325 47.2869 
56.5277 80.5898 
-63.5397 -65.0342 
-7.1603 -41.1075 
57.5138 71.3902 
-24.9713 -49.9044 
-109.6649 -83.0214 
-28.3520 -34.1011 
-55.6681 -81.7618 
51.1289 32.3023 
-61.1168 -92.2660 
45.3367 46.6032 
100.0237 97.6204 
-74.3092 -103.9944 
-64.2115 -30.6230 
-61.4399 -79.7589 
-95.4098 -99.6107 
-90.7636 -56.3289 
1.1622 7.5848 
49.7301 52.9869 
-27.0082 -46.6026 
-48.0323 -63.9880 
-0.7342 13.4474 
-63.2554 -56.5309 
102.9756 121.8405 
25.0662 63.6521 
45.7436 12.8057 
-28.2997 -64.9193 
25.6331 7.0262 
-26.7554 -1.8697 
59.0690 61.3366 
75.7442 52.6005 
-39.0620 -32.8508 
-61.4799 -60.4625 
53.5927 22.6812 
97.0957 63.1762 
-81.2294 -84.1793 
41.1156 31.4786 
28.1569 13.3885 
-34.1749 -46.6745 
