1 100
2.8337 0.8592 
114.8190 169.9703 
62.4673 99.1503 
7.0762 23.9437 
-6.9884 -33.3030 
79.7649 157.0203 
-66.5664 -183.2764 
0.9443 44.4388 
51.5695 99.0373 
3.1097 72.7302 
64.8132 140.7431 
29.5972 54.6400 
-55.6298 -97.1864 
-73.3985 -128.1205 
-99.2187 -182.7391 
31.1550 114.1062 
53.3774 108.6043 
83.6186 114.7827 
-19.5288 9.5514 
-7.6484 -12.3916 
-13.8040 14.0549 
27.4137 42.5718 
-53.9196 -25.3937 
4.6446 -36.2594 
99.3516 178.8626 
55.6324 90.9344 
-44.8447 -67.8482 
60.9982 158.9923 
58.9296 24.7042 
-55.4616 -66.6087 
-46.1209 -99.1114 
6.9552 30.6026 
-11.9806 -118.0613 
-65.6142 -132.0128 
-105.2114 -156.5684 
-110.5708 -154.7457 
31.5003 41.1709 
39.8537 32.2142 
-53.2524 -36.7917 
114.6323 169.8644 
-32.9580 -39.1417 
26.2680 -19.6124 
39.6209 96.6268 
-87.8203 -135.1922 
102.7476 195.3505 
-56.2018 -110.8504 
124.0501 182.6330 
-64.5136 -142.1072 
83.1016 133.7630 
130.5593 165.9161 
-59.1555 -124.4481 
-71.9334 -143.6873 
-79.9565 -162.8004 
-108.9721 -194.0021 
76.0898 68.5198 
58.0142 114.5742 
52.5671 112.4528 
-27.0183 -59.8158 
71.1490 141.2780 
-40.1591 -10.4658 
16.3679 31.2336 
-27.0967 6.5557 
-49.6323 -171.3046 
50.2852 111.8985 
44.8706 38.3664 
43.6225 74.6067 
33.1750 46.2028 
-91.7230 -195.2415 
-38.2540 -123.9800 
0.2701 12.6796 
58.0411 146.5345 
94.6595 186.7659 
-50.6821 -96.4034 
-93.9832 -99.3394 
-5.3586 -35.9989 
-49.2891 -45.2259 
-12.1920 17.4950 
-106.0450 -130.8213 
-131.2804 -205.7556 
-78.9414 -120.8620 
-16.6390 -90.6402 
-88.5799 -196.2520 
-84.2999 -161.6877 
34.7927 96.3670 
-78.8681 -163.4651 
85.5660 214.8391 
-17.4138 -32.2143 
18.6822 20.7914 
32.7641 161.1436 
-31.0370 -121.4892 
-125.1572 -183.0390 
57.4847 198.8264 
52.4462 86.1112 
-63.4172 -95.7931 
-42.7380 -76.0606 
106.1034 182.5955 
79.0088 129.0794 
24.8463 54.0678 
43.6459 49.8729 
-37.1137 -42.4961 
