1 100
58.9599 189.8551 
14.9414 169.0822 
17.2406 101.5205 
-53.4797 -160.7733 
-67.0930 -123.9028 
83.7144 220.5846 
-11.3053 28.7442 
18.6903 -24.8434 
78.5373 333.7131 
20.9350 -30.9611 
54.1775 254.9267 
50.4921 234.3434 
-11.8111 -2.6414 
49.9989 269.5343 
75.0096 167.5872 
94.4209 155.2710 
-30.1071 -251.2619 
33.1825 159.1951 
93.3691 241.6434 
-47.6165 -160.2716 
-84.3143 -256.6900 
94.2560 257.9548 
-57.1752 -189.7352 
-64.0059 -218.1686 
56.7990 162.2125 
-7.5240 54.2055 
105.7351 261.9989 
-4.3498 98.6185 
91.9927 160.7642 
-46.7832 -64.1893 
46.0637 263.5679 
51.8823 110.2815 
-94.9239 -282.9669 
-99.2635 -274.8598 
44.4619 76.5094 
104.4890 266.6133 
-54.4268 -73.7435 
-44.6685 -54.2459 
113.9765 299.0325 
-64.9390 -166.8626 
-44.8465 -264.8044 
-23.5033 -144.6897 
9.7310 24.7763 
-43.7617 -63.6776 
-61.3860 -254.0398 
-81.9413 -201.2456 
11.4060 -38.9235 
-41.0432 -2.1765 
85.1056 178.5462 
38.8491 -23.4932 
49.1602 61.6623 
-74.2908 -234.1388 
102.9116 253.2626 
-67.7850 -16.9933 
-32.0282 -116.1211 
-127.6965 -199.5749 
-54.0487 -186.3547 
32.5956 104.6738 
-77.7635 -164.2959 
46.8228 62.9590 
74.5153 287.0218 
26.9438 222.9729 
-60.1550 -91.6608 
-43.3743 -199.5410 
48.7618 89.3852 
-50.2880 -270.4789 
-2.6529 79.1115 
-13.3717 37.5502 
-78.6826 -96.3258 
-4.2829 -16.4192 
10.0710 108.7908 
-50.4329 -327.1205 
-45.7725 -196.5939 
26.2786 53.7875 
-60.7232 -177.1962 
25.7760 -8.8400 
27.7677 234.3112 
-21.1999 -73.3592 
-19.6061 -93.7427 
8.8647 -0.3312 
46.3088 47.0429 
69.7180 229.8241 
-58.8547 -127.0249 
74.2052 136.4734 
-47.1277 -257.3162 
-35.5374 -94.9414 
53.1579 254.2964 
31.9803 144.5188 
-122.8634 -238.8268 
82.6311 185.9449 
-9.5355 -63.1808 
-47.6733 -200.3487 
-10.2730 90.5570 
-76.1444 -222.2222 
-67.6012 -99.5184 
-96.3788 -291.8658 
79.0686 77.4305 
15.3938 54.9543 
6.5205 -45.1218 
-31.4137 -146.9302 
