1 100
-79.3221 -93.6014 
17.5588 40.0860 
-55.2687 -207.1380 
9.7431 75.1392 
-53.6471 21.5246 
-4.3124 -40.8026 
-6.5922 -73.4451 
-51.3208 -205.5661 
-56.8412 -240.4881 
-50.4305 -341.0605 
136.4697 371.0724 
-70.5469 -257.2973 
11.9955 -10.8314 
5.6646 -26.8788 
58.8980 228.5021 
-96.5687 -380.8391 
124.5732 252.6276 
46.1993 57.8909 
97.6813 351.5764 
-31.3108 -256.0554 
48.1124 239.8358 
-21.3351 -157.0924 
40.1719 166.8575 
-66.3080 -315.7823 
113.7933 292.6114 
-72.3062 -335.3615 
51.8032 -46.7845 
-94.7968 -52.1092 
-76.0265 -309.2308 
-43.5218 -173.2634 
-26.8877 27.3786 
-16.2575 26.5982 
-143.0479 -348.6057 
153.5094 344.7457 
-17.8913 -58.3144 
-59.0612 -332.9046 
-87.5014 -407.0322 
85.7654 184.0129 
-30.5448 -120.1442 
-13.8964 -40.3104 
26.1587 268.0958 
89.0332 311.8542 
-53.9554 -183.5205 
86.3444 359.9155 
48.8612 183.4796 
-76.6872 -339.7984 
39.9687 282.1377 
29.0162 239.6723 
98.2156 294.7800 
-22.6190 124.3102 
25.2456 37.7513 
-99.7229 -422.6391 
41.8551 12.1256 
-96.8890 -274.8495 
46.0839 -114.8245 
-59.1006 -162.3081 
-16.0945 -55.5339 
19.9356 92.1602 
-105.8188 -358.8386 
77.3580 413.3821 
49.7558 289.0452 
33.9138 55.8069 
85.0617 319.6168 
-59.4228 -111.0017 
11.8713 107.4368 
-75.5803 34.4227 
-66.2648 -310.8542 
-121.0729 -294.3385 
-16.9597 125.3766 
-12.3451 -219.8015 
15.0090 -159.6274 
26.6553 114.6214 
106.2885 261.0093 
-70.9031 -232.3225 
-5.0066 203.6563 
-18.4947 -44.6126 
68.6077 338.3491 
0.0361 145.8667 
39.4378 -14.2685 
-62.8576 -390.7839 
97.0738 426.5648 
61.6061 273.9978 
86.9734 242.7763 
-12.7744 168.7566 
-111.1564 -228.6764 
124.2273 292.3672 
85.7295 395.6835 
-49.1231 -16.1213 
33.0257 108.8863 
-91.9242 -163.4113 
-101.1782 -314.4436 
-143.1839 -292.1656 
57.9421 182.3382 
3.2469 -141.7906 
-43.2481 128.7946 
-79.3108 -266.8274 
47.1835 261.7488 
5.9627 12.8719 
93.9201 199.8041 
-40.7602 -208.0554 
