1 100
97.3271 254.1928 
16.4824 350.9622 
-76.7055 -363.5202 
79.7095 435.1609 
40.8399 319.7498 
-19.8586 -4.2531 
-120.4090 -208.4331 
17.1133 318.9007 
59.3132 158.0825 
42.1608 331.3837 
7.3740 -26.7934 
19.2052 144.7395 
22.5412 329.3871 
67.7982 86.1317 
-163.8735 -434.8349 
9.9821 233.1117 
-70.5070 -301.5577 
70.8843 368.6049 
72.1474 209.3252 
57.3062 -100.0804 
-64.6985 -216.9518 
35.5072 4.0060 
36.5406 226.1322 
-136.1827 -389.1292 
-52.6112 -165.0947 
73.9126 -103.7642 
43.3910 213.0434 
-73.5114 -359.2634 
-30.1673 -357.6453 
1.0620 -49.9013 
59.3697 261.4731 
-108.3001 -289.3949 
-103.3111 -160.2495 
-55.0316 -409.6427 
-25.5191 -103.4943 
-43.9541 -235.8271 
-62.7305 25.8946 
-103.7407 -417.5841 
49.2587 -70.3872 
32.6055 511.9419 
128.0259 486.2627 
111.7957 408.2583 
30.3887 153.7445 
-28.6864 -100.2810 
29.8320 139.5478 
65.0706 -72.1870 
36.4078 44.8328 
-40.5347 -168.7598 
-79.9797 -181.4957 
37.5475 198.2053 
82.7983 493.4623 
64.0042 316.8779 
-63.8815 -381.4380 
7.1855 25.0105 
8.5532 52.0521 
39.9159 336.2822 
-15.5609 -343.2186 
-3.5086 -201.6077 
-53.2485 -181.3601 
37.1021 430.7457 
52.0810 136.9374 
133.6566 518.7346 
-60.6288 -285.0623 
21.1613 -188.6875 
80.7155 410.1782 
-0.8160 234.3231 
-39.4710 -65.3296 
17.7847 23.3752 
-5.2128 -206.3895 
-142.4407 -361.6824 
97.8766 124.5959 
-144.2340 -377.9791 
-8.2849 -453.0381 
-131.0539 -553.3912 
-54.9615 121.9494 
15.4413 354.8340 
-9.0742 -263.8046 
-66.8617 -160.1828 
39.4960 286.4476 
12.7909 333.0541 
-103.0887 -378.6122 
76.6726 345.1323 
-0.0071 47.5550 
-18.0395 176.8581 
63.7982 201.0481 
22.2988 -256.0319 
-20.6971 -140.5918 
-77.6714 -400.3156 
-12.1636 117.6904 
-72.8767 -64.6792 
-71.0477 -490.2160 
54.4554 296.4251 
-49.5173 52.1323 
-38.1312 -67.2364 
-89.6470 -449.8910 
0.1609 482.9225 
25.3688 114.1425 
-93.2151 -399.2141 
168.0452 491.7454 
-86.8665 -513.9819 
