1 100
70.7258 122.4241 
12.6344 -259.5083 
-77.5690 -547.0176 
-2.9122 -0.6885 
-64.2865 -237.9986 
79.1039 430.9653 
-0.6411 -227.9207 
32.7056 -22.2059 
-90.9807 -353.2884 
59.0899 379.9415 
2.0664 -144.3560 
-21.4775 -106.3820 
-60.1585 -561.8726 
-28.0534 -178.9323 
40.7844 441.7415 
-35.9585 -347.6096 
-19.5243 181.5452 
60.3595 315.2532 
65.3148 362.1563 
-123.2401 -562.8768 
41.0770 484.8488 
-13.4884 -128.8314 
76.0737 618.0514 
71.5824 620.8600 
70.1613 612.0995 
90.2282 280.4195 
-82.9958 -360.6135 
206.9371 634.7110 
67.4420 441.3260 
-48.2633 126.2838 
90.9350 52.1733 
38.0438 23.4234 
-23.4832 380.0062 
148.1191 176.3457 
-155.4157 -514.6163 
41.2171 259.9422 
40.8109 233.6655 
-1.9928 472.1300 
-22.9797 71.5132 
-12.2054 -291.2407 
35.7175 86.9478 
8.6419 -13.4868 
-58.1001 -450.9954 
104.5421 539.8690 
-113.7531 -456.3129 
-77.7326 -484.8292 
46.9180 -60.1870 
178.8362 536.4276 
-6.7226 -313.7720 
10.3111 147.1558 
-52.9853 92.6907 
-25.3517 -161.7115 
-124.9251 -180.9806 
104.4356 456.9748 
135.5278 532.1541 
-120.6220 -17.3451 
-5.6270 185.1398 
-76.6964 -531.9501 
-117.5934 -163.2017 
-49.0559 274.0751 
44.7964 494.3528 
-95.3865 -575.7861 
84.9031 302.9532 
-32.9462 -304.0002 
-183.2074 -550.0612 
-24.4062 -33.2958 
57.9936 534.6557 
41.9296 -307.2224 
80.6904 183.6553 
-59.5630 4.4418 
11.5391 -3.3534 
-42.3344 -571.1790 
55.0474 295.2091 
-23.4831 -283.7074 
-39.3966 -359.8543 
75.2310 608.7348 
112.5406 454.9872 
51.4717 -282.9985 
26.8885 260.2252 
-95.7867 -600.2243 
0.6924 122.2148 
-54.9694 -461.8156 
-69.9971 -562.1352 
-15.4016 -79.0613 
21.5883 -275.0000 
-60.2441 -177.6827 
113.5431 277.0272 
96.8005 -36.3386 
109.6901 409.3085 
110.4006 531.6515 
-11.7823 95.2667 
-18.3654 -275.6126 
62.4284 -24.5591 
-81.4119 -422.8106 
102.3908 183.7080 
-75.5402 -320.4338 
73.1763 253.7821 
-17.4243 -508.7723 
-126.3565 -422.4712 
-103.7604 -282.8215 
