1 100
-138.0372 -106.0747 
-18.7916 -355.8625 
-92.2553 -736.4920 
140.9456 582.8476 
92.6911 723.6590 
-115.8320 -103.6264 
-26.1425 186.9110 
18.9981 -365.9210 
-94.2789 70.3696 
-12.0448 74.1651 
-17.9459 700.9214 
-43.5521 -448.3425 
-70.5277 -299.0643 
-197.5036 -459.4463 
54.5777 93.1730 
10.7494 -86.2926 
-71.6588 -134.8314 
-26.0888 -167.4635 
-168.4436 -244.3393 
79.7650 387.3882 
104.4767 257.8492 
-100.0393 -529.9865 
45.8331 36.1501 
-40.7649 538.6209 
35.2390 214.5093 
39.7098 -63.8349 
98.2508 288.9199 
57.7277 157.6440 
41.0799 -164.9174 
-98.5188 38.1635 
115.5131 688.4150 
68.7878 566.0226 
-83.6565 -683.1231 
8.6781 117.5824 
44.4807 -211.4176 
19.7580 72.2574 
62.2984 539.5204 
21.3434 -70.3116 
-44.7503 -489.0945 
-50.0953 -606.8203 
61.7513 -76.5139 
51.8039 537.8688 
-69.5614 -540.2770 
109.8807 269.0871 
-38.1190 -336.6717 
124.3060 548.3352 
193.0287 631.7678 
106.9204 600.6187 
16.0746 416.0631 
-69.6358 -447.8796 
46.2695 363.0674 
74.3803 -358.5903 
52.0241 460.1029 
63.4391 603.9096 
20.4484 193.0356 
33.0574 418.6352 
1.1115 100.6798 
-50.3719 252.2844 
43.6495 304.9755 
-136.7401 19.3334 
3.8983 637.3070 
-44.7757 -456.4440 
67.3415 231.0767 
87.3715 -323.2155 
32.2892 88.4900 
109.4989 690.7740 
17.7683 -291.2664 
-41.6383 -300.8314 
4.5249 -4.0035 
-13.6413 69.1354 
-19.9577 137.7891 
-61.6397 -471.8099 
-6.4386 -439.0196 
129.9854 309.6623 
24.2729 341.8925 
-50.9513 -546.4681 
-108.6786 -354.0330 
-27.2891 -785.9976 
-39.9445 -86.8066 
-12.7317 -606.4781 
41.1959 -426.3487 
22.7832 189.5856 
-1.6195 -60.1636 
7.9507 -516.6318 
-192.5664 -710.3309 
-68.7805 -485.8803 
-87.8434 -609.2313 
73.8013 521.2778 
2.4841 -188.9030 
69.5881 318.2617 
4.9338 -639.3547 
-6.1646 669.0553 
-100.5682 -650.5983 
54.3747 382.3114 
37.7098 262.6904 
-122.9721 -681.8811 
-138.8439 -165.5025 
-18.6117 -275.0534 
-94.2806 -272.3645 
49.3169 547.1158 
