1 100
-47.4221 184.5460 
-100.0993 -271.4655 
74.9948 773.1795 
185.2250 288.9790 
-45.6885 -258.2766 
-78.7953 -624.6102 
-28.8898 -219.3553 
-129.8091 -92.5572 
39.5932 332.4869 
38.1271 84.6777 
-167.4739 -263.3130 
47.8863 -47.4497 
92.3041 427.0637 
-32.6400 -133.1463 
-137.4132 -193.6179 
-120.4414 -442.8498 
-78.2214 -360.4900 
159.8959 101.7892 
40.8903 657.7534 
-92.2218 -710.5084 
77.1906 145.1342 
59.2039 -18.7149 
69.3218 452.7875 
6.3761 681.0319 
-58.9713 -459.9199 
204.3219 643.7455 
165.4719 819.7419 
-197.3519 -757.2386 
-56.0340 -294.1221 
70.5586 253.6850 
-108.0916 -686.7369 
19.6926 -17.6677 
189.9726 561.8064 
66.4865 -548.8592 
-11.6545 -164.3024 
-11.9889 243.4776 
19.9346 493.7312 
-143.0882 -348.3134 
49.5206 533.5674 
118.8067 4.2107 
30.5841 444.4761 
-56.3078 -615.8718 
-57.0103 -303.4117 
-6.3105 -29.6909 
33.3757 -165.8254 
17.7504 48.0127 
-80.5307 -40.6588 
-14.8346 412.2440 
-161.6751 -262.0560 
71.0592 761.7172 
-43.9255 677.8978 
114.3511 595.6963 
68.6579 -672.6273 
11.2420 405.1362 
-35.8195 -565.8993 
138.6020 704.7646 
-12.0726 70.7098 
-45.4132 -829.9274 
-98.5685 -783.0464 
106.2247 622.1373 
-123.3477 -754.1984 
-37.6390 506.7861 
45.3828 363.4933 
76.8305 584.1679 
96.5164 25.3831 
-150.0849 -642.8347 
60.2367 444.5137 
-7.4721 94.1409 
-53.7683 347.3203 
64.5746 552.7988 
-36.1298 -653.5934 
37.2495 196.6859 
67.6160 -468.8253 
-84.7624 -569.8448 
44.0794 187.2425 
-69.5474 -424.5055 
-47.5129 -193.4966 
27.2271 -555.3966 
-33.8547 125.5094 
13.0148 -729.9019 
-115.2134 -415.3530 
43.8932 236.1550 
45.8208 528.3758 
194.5594 790.5460 
-153.1875 -454.8472 
119.9292 499.8191 
-53.7371 -750.7429 
33.3247 293.0876 
154.1152 715.6721 
-87.7561 -21.8892 
212.4966 703.9989 
-43.7536 -362.5060 
-37.0213 15.6417 
-42.1752 -336.4438 
133.2287 505.2688 
-26.9264 -259.7018 
83.4257 -87.4960 
-182.8875 -568.4268 
-105.3782 -796.0663 
51.8227 544.8371 
