1 100
14.3246 -37.9588 
110.7853 563.7960 
-42.6785 -483.3079 
-44.3556 -617.2538 
-39.5537 684.1437 
-132.8323 -886.5466 
-101.0109 -132.9333 
-26.8207 -577.6120 
20.6650 -707.0457 
95.9328 614.7855 
16.1248 535.3918 
2.1051 -180.6437 
138.5692 733.2502 
34.4527 -164.3306 
-119.1651 -419.6857 
-168.1510 -855.9907 
-26.0827 -238.2581 
92.5807 -488.2997 
-128.1639 -12.9976 
-27.2422 421.0130 
134.2882 582.7621 
101.0156 562.0691 
-175.4475 -293.4184 
-95.8100 -645.8595 
85.0270 902.2145 
-115.6128 -895.6789 
57.0791 -95.7012 
45.7872 198.8500 
-117.1885 -855.5479 
-107.2293 60.2512 
140.5454 489.8230 
106.9234 108.8554 
-48.4842 -255.5325 
-48.6974 -247.1317 
53.9023 458.8790 
-64.8253 847.7655 
-112.2689 -422.6052 
12.8813 332.8290 
161.9262 740.6910 
-3.5965 -674.4576 
27.7122 419.2121 
-107.9792 -883.3890 
-29.2412 -327.3115 
-42.0495 -373.0288 
-55.2327 -413.7771 
-15.8552 -269.2742 
94.0789 -408.5231 
-120.4464 81.9356 
-97.0555 -863.8271 
188.4249 638.4011 
-91.2770 -330.7856 
86.3001 313.8535 
28.8429 685.4229 
-108.1687 -904.6472 
6.1869 -609.0041 
64.7895 323.4326 
71.6951 372.7005 
6.8234 463.7558 
122.8961 712.6696 
56.6416 616.9444 
173.7241 349.3449 
29.2103 186.9665 
-143.7768 -499.6757 
45.6866 -148.4485 
-147.7153 -779.3317 
131.5879 569.6925 
-25.8980 -36.9773 
101.5793 795.6841 
-38.7247 286.7927 
-19.2296 132.1630 
103.1413 775.1654 
-67.0197 -278.4759 
-113.2575 -665.9557 
92.8170 574.7188 
5.2619 399.8706 
77.1694 550.7126 
96.9427 134.4041 
92.0199 222.0111 
192.7984 748.6437 
-33.9876 -60.6913 
105.0161 35.4651 
78.4102 1002.4815 
42.5144 -207.7619 
-90.3530 -402.3324 
94.5273 117.0789 
22.8658 218.1264 
87.1607 590.7554 
-105.5355 -852.8341 
-75.5884 -236.1106 
-56.8240 73.2207 
-22.9332 -590.9272 
-95.8426 234.4322 
-214.4459 -668.6434 
17.0899 -573.6149 
92.5614 -317.3919 
-34.2154 45.9878 
68.5356 81.4434 
30.4460 315.0842 
16.4028 -51.7419 
-71.3025 -724.5446 
