1 100
38.9651 216.9196 
-195.4949 -1005.1561 
-12.0796 -145.1856 
129.1464 152.9879 
-118.4496 230.8772 
-69.6506 -38.5457 
-11.9271 -37.1040 
73.3285 743.3936 
0.5686 897.1692 
-19.0492 -578.4142 
45.3179 150.0972 
162.1175 375.6183 
-80.1241 -389.9327 
-17.8509 -283.6687 
-29.0118 -69.1100 
-66.5582 -634.3396 
-35.5132 -197.3123 
-72.1260 -513.2739 
84.0203 780.0319 
46.9721 -458.9316 
10.5253 540.0667 
65.6299 -643.9777 
46.8403 653.9151 
-207.9161 -819.3122 
137.5425 890.9525 
-51.8189 -512.2104 
-77.6533 -518.9081 
-19.7225 402.1512 
216.7744 543.8458 
112.1106 865.7008 
23.5303 413.5240 
-74.5988 -1020.4654 
-2.1901 -897.0727 
-31.0162 -115.7552 
-0.3454 99.5566 
39.4668 17.8576 
33.3851 508.6775 
-101.8105 -409.9512 
39.6228 329.2873 
-90.7907 -160.3340 
-231.4690 -1003.5564 
-126.5875 -404.0976 
-89.0200 355.5546 
149.4047 1014.9292 
-0.5550 414.4416 
7.4314 841.9583 
-9.1544 73.5701 
-70.5705 -590.8992 
-32.2389 315.3018 
45.3829 565.3081 
-112.6404 -239.9501 
-78.0609 -379.4605 
-237.7746 -898.3671 
-212.1276 -649.4667 
-156.0363 130.9152 
188.8579 427.8303 
116.5361 884.0631 
-47.5056 -499.0308 
108.6084 408.1544 
-5.2082 -165.9665 
-47.5809 -1021.3251 
-7.5330 -72.4620 
-10.1497 334.1049 
-160.1410 -929.4906 
-39.1332 -639.1432 
-155.1286 -814.9595 
-53.6421 -709.5240 
41.3348 218.2914 
6.4870 -314.4209 
-69.9713 884.1399 
-10.4656 172.0721 
48.1380 700.1306 
-79.7136 -904.6859 
65.2338 601.2389 
-112.1173 -911.2951 
-56.4953 850.2937 
112.4678 -467.5812 
-220.8207 -286.0736 
103.1426 -177.6150 
15.4503 -394.4875 
-20.6925 680.4109 
-153.5103 -355.1398 
138.2797 839.2128 
65.3468 750.0937 
59.7788 575.7361 
226.6149 827.5699 
86.7600 -179.1619 
134.3107 296.5302 
-76.2742 -716.2306 
-36.6515 -626.4438 
91.2405 773.8069 
-84.8814 -818.2818 
-178.8172 -258.9392 
2.9237 -592.5359 
126.3222 147.3639 
-36.8736 215.3304 
-154.3029 52.9013 
81.3950 297.7611 
42.9510 -554.9962 
-88.0237 848.7779 
