1 100
-81.0549 -91.2194 
35.3592 15.1923 
-96.3003 -82.5854 
-58.7506 -79.9954 
-89.4470 -105.9501 
93.0621 107.0799 
-62.8882 -68.6669 
35.0016 35.4228 
-82.8747 -75.4264 
-7.0012 -23.9826 
57.6208 69.4335 
-51.4579 -43.6465 
-91.0998 -79.0699 
-86.1502 -66.8424 
-58.6381 -56.9437 
101.7946 86.0052 
51.9329 28.4106 
54.4930 35.3847 
-29.8343 9.0766 
1.9906 16.5638 
-9.6201 -32.3432 
64.7607 110.6575 
-111.1318 -92.1817 
55.5297 66.1286 
-36.8543 -23.0520 
27.3678 37.0977 
-76.3807 -59.3239 
41.8840 40.9678 
-28.1729 -27.4465 
-45.6746 -34.1432 
-42.1931 0.5781 
95.7839 108.4887 
12.9616 -5.6742 
82.3783 64.0307 
12.3790 28.4104 
-54.8677 -47.3531 
68.0960 94.8241 
18.0860 48.5998 
12.9575 -9.9514 
1.4702 11.5732 
-70.4062 -61.7755 
-31.4700 -41.9356 
10.6906 30.4566 
-39.1769 -28.5358 
68.2534 77.1831 
22.3261 5.3747 
97.5701 82.5762 
46.1446 48.0444 
0.6781 14.3398 
-64.2110 -49.2689 
-15.6425 7.8837 
29.8923 37.5233 
80.5938 93.1839 
72.6943 98.2957 
56.9753 37.1105 
-57.3842 -36.6598 
75.7902 57.8322 
-59.1495 -55.7441 
31.6633 68.6086 
26.3878 44.3516 
-7.8414 6.1404 
-90.9838 -112.8606 
-60.5303 -50.4110 
23.3674 37.6549 
-24.0242 -9.9145 
93.0023 105.0929 
-36.6814 -12.4040 
33.8434 24.2255 
-58.8772 -49.4245 
-41.2673 -29.8599 
65.5949 83.0336 
-88.0434 -86.1471 
-81.4361 -64.0378 
4.0703 43.7858 
-46.9504 -45.4406 
26.4185 12.4532 
-27.3966 -26.8817 
87.2241 95.1604 
-85.1342 -71.6541 
-65.4218 -19.5842 
-71.1696 -51.9571 
80.3789 92.2778 
106.9503 109.1204 
54.2084 101.9150 
20.5017 32.1022 
76.6154 115.2357 
-16.7353 -8.7679 
-99.4394 -83.4796 
58.6172 60.8689 
102.6192 111.2523 
39.4249 47.1409 
-70.7496 -28.2403 
-15.5208 5.0722 
-10.9621 31.8932 
-21.7964 -30.5290 
37.2182 66.2706 
59.5382 67.9431 
-46.6814 -41.3457 
76.9947 78.9846 
32.6034 56.1085 
