1 100
-107.0090 -150.8272 
-111.7400 -151.1483 
88.9963 165.2747 
-52.3049 -133.0465 
-13.3461 10.7661 
-54.5510 -144.1927 
97.4861 138.2434 
-16.3806 1.2914 
-2.8321 -6.7475 
-81.3728 -144.4506 
18.5912 105.5011 
28.6295 75.8312 
-132.1756 -190.0889 
68.8683 168.9564 
7.9801 56.0844 
-47.2985 -62.8433 
84.4588 143.9615 
-57.8771 -106.2574 
52.7925 95.2022 
114.5152 210.1483 
66.7887 140.5262 
-31.2374 1.8793 
-49.5733 -117.9933 
86.6252 181.1154 
32.8996 24.9272 
58.0267 126.4321 
79.7846 171.1131 
54.5551 174.5259 
75.3710 85.5274 
-50.6424 -105.9550 
77.4322 102.1705 
23.1459 40.1102 
-35.8601 -47.5706 
-36.7904 -25.0848 
48.1718 108.4905 
-56.5493 -96.7506 
-106.1643 -195.6714 
68.1780 161.0580 
-18.8842 -101.0914 
-57.7343 -100.2430 
16.7129 50.7080 
3.4169 38.3189 
6.2936 -10.6335 
6.8739 56.7548 
-42.4930 -76.7733 
63.5990 207.8778 
-11.2766 12.8650 
-67.4265 -70.6039 
36.9828 158.5656 
70.2049 54.1443 
-42.3054 -21.7196 
-80.7223 -151.6778 
-6.6165 -41.7806 
-24.0751 2.7367 
1.7212 46.9642 
102.0174 165.8792 
-16.1381 -2.5607 
-102.4663 -143.6683 
58.8209 146.8806 
-12.5300 -1.4934 
78.7668 127.9212 
-96.9474 -154.4524 
-33.0978 -50.2486 
-58.4480 -51.7254 
17.7659 126.7467 
31.8001 127.3250 
-53.2663 -96.8502 
-17.6988 -25.1223 
-105.8976 -104.8441 
54.5147 111.6547 
-60.8480 -157.6543 
-120.8965 -168.4786 
43.7092 117.7579 
-18.6171 17.8253 
35.1583 26.2616 
-73.4812 -138.8958 
42.7427 108.3855 
-82.8548 -184.6383 
84.3343 158.6968 
19.0635 47.3477 
38.8334 125.9867 
85.9167 158.0603 
67.5548 144.4610 
14.3462 63.6482 
-11.2541 -67.6758 
-46.7925 -74.0401 
-98.6066 -173.9148 
-101.5490 -181.8619 
5.3182 -17.3328 
-78.6516 -139.7060 
101.8040 129.7355 
-38.3970 -41.1265 
44.2522 132.5407 
65.9057 167.8094 
-41.4867 -65.0389 
117.0869 210.8207 
-80.9186 -160.6378 
34.4827 75.4348 
-31.9317 -91.1669 
-50.2677 -106.2475 
