1 100
-85.2615 -242.4598 
117.7453 324.1306 
87.2241 253.6625 
16.6816 53.3370 
-1.3495 -37.3157 
-38.2863 -118.1401 
-96.6635 -272.8383 
39.2620 137.1934 
-27.2745 -215.6175 
67.9694 293.1221 
-105.7377 -185.2137 
45.9999 143.5319 
-110.4599 -218.5060 
-91.7000 -264.2296 
41.4722 202.2737 
121.3106 358.5974 
-74.2349 -238.4649 
57.5601 247.1085 
74.8664 200.0931 
-39.7514 -83.8034 
82.3534 246.0432 
106.9412 299.9488 
-1.1025 -109.8616 
-67.5256 -251.7463 
76.7622 118.4762 
-81.0973 -76.7039 
1.3952 -4.4259 
6.9286 -51.6554 
63.3947 191.0168 
30.1174 113.1696 
-96.2542 -145.1806 
-7.9754 15.0826 
10.7514 120.5922 
38.2141 84.1615 
-42.0839 -54.2223 
70.0662 82.6391 
-113.6248 -234.7685 
70.2220 223.9613 
-38.4519 51.0624 
-17.0815 -48.1629 
25.6471 78.7018 
-33.2156 44.3288 
-59.6428 -199.2029 
90.1004 286.6476 
-12.4554 -178.4794 
21.3010 117.3020 
109.5566 221.1173 
79.9540 253.8134 
106.1564 292.0106 
-20.9654 124.3059 
-36.4605 -51.2633 
-31.3335 -108.7675 
59.3356 168.9699 
-6.6049 30.3247 
44.4120 195.5726 
-27.1089 -128.0559 
42.7923 55.5834 
33.4140 94.9222 
-52.3380 -93.6307 
33.6767 127.0888 
-78.4220 -139.2492 
8.7474 89.1281 
23.8225 258.3367 
-38.3774 -104.0334 
79.5246 194.9957 
-92.5280 -109.6478 
85.0266 292.7331 
3.1102 39.1594 
-68.4924 -209.0195 
3.6121 -114.8677 
-92.8752 -189.8890 
-57.1412 -220.4768 
-51.7255 -84.9895 
114.8617 293.0764 
-52.3200 -146.6362 
-53.0877 -267.2714 
-46.6445 -171.2564 
83.6504 118.3166 
-84.1448 -321.0280 
73.7116 230.3178 
-110.9839 -285.8754 
82.4547 123.3912 
42.0446 116.1283 
-46.4098 -128.7984 
-38.5755 -191.8717 
-25.4361 7.3395 
68.8054 163.5300 
-6.5242 2.6095 
44.7464 117.3357 
-75.9094 -237.3444 
-79.4862 -227.9794 
-78.0763 -167.6638 
-53.0028 -183.0537 
-105.5885 -141.6455 
-19.3251 26.2709 
-32.7284 -94.0444 
-10.2541 -102.9880 
30.7279 126.3108 
0.8550 31.9938 
56.1954 195.2539 
