1 100
77.1812 118.4620 
-87.4637 -375.3920 
31.2889 131.4815 
53.8629 270.5995 
127.6095 383.8948 
-118.2263 -408.7567 
-89.3881 -205.7975 
42.1224 41.0731 
19.0502 161.1600 
8.0302 91.4094 
-114.1215 -459.2867 
16.2746 -258.7164 
-32.7742 -413.3068 
-40.4724 -177.9164 
12.7255 286.3751 
-15.8877 -66.9547 
-71.8729 -257.3377 
11.7849 13.2873 
-9.1702 132.3526 
40.6441 177.0453 
-141.6362 -337.7610 
-19.3163 -142.8716 
39.6243 154.6830 
-60.3219 -294.2072 
93.7699 339.3000 
-43.3967 -331.3626 
-26.4112 -177.9475 
32.9709 184.8555 
-63.6568 -321.4175 
129.9340 331.2670 
-28.5828 116.7086 
79.6966 46.8832 
-86.4495 -63.6290 
-76.2039 -84.2764 
-37.9992 -96.4607 
105.9907 396.4101 
-8.4976 -67.5355 
79.7217 159.3398 
58.4643 176.5401 
75.5047 316.4693 
-108.1534 -267.1523 
94.8757 351.8902 
77.8808 318.1727 
-55.3195 -112.3820 
1.8374 -26.3207 
-54.3902 -174.5653 
14.1098 156.9441 
61.5243 96.1816 
-25.5592 -134.2007 
-64.6239 -266.3150 
24.7613 54.4798 
-30.3871 -244.1357 
128.4995 430.5599 
-91.6067 -270.1115 
-55.3214 -377.8180 
-73.4196 -178.7084 
-9.3764 -41.4952 
93.0065 362.9322 
-81.3107 -295.7604 
121.2523 398.5148 
-100.0936 -371.0988 
43.8651 91.4622 
-23.9972 -131.8682 
137.0192 431.2092 
20.0777 -2.2932 
-32.6714 -52.2345 
96.8286 353.9738 
26.6105 129.3616 
-20.3393 -125.7118 
-73.9982 -56.1302 
-37.9234 -243.0541 
38.0719 158.8800 
11.0833 330.4306 
-65.3431 -247.2851 
118.0172 184.5296 
43.2140 296.4879 
-20.2604 -35.7570 
35.8935 -27.7450 
35.3770 299.2979 
19.3323 206.2582 
-86.3481 -216.2147 
-106.0600 -116.0597 
99.0418 276.4195 
88.8864 328.3675 
22.7880 91.0529 
24.7113 -135.2968 
-96.7022 -211.4503 
29.8808 18.1892 
12.7271 27.7002 
41.5682 210.4188 
42.0918 38.6530 
-62.2513 -271.9041 
-24.8538 34.1931 
80.9745 366.9279 
-51.9739 -210.6619 
83.9013 213.5052 
89.4390 101.3779 
-97.5733 -354.1120 
-41.0551 -198.8452 
-43.3392 -55.4536 
