1 100
10.1193 -91.2637 
43.7945 212.5141 
68.1485 65.5065 
30.3204 204.9051 
-74.8060 69.8335 
44.0794 215.0148 
-4.0825 1.0699 
-20.2630 -357.7515 
-56.8227 -177.3206 
-111.1641 -451.5478 
-10.2725 -103.6239 
57.9282 139.2691 
-61.7890 -525.8287 
23.1080 249.1674 
-71.9086 -91.3450 
-84.2743 -442.7567 
-46.7702 80.0144 
6.5685 -213.8343 
69.7981 287.1733 
-70.8735 -342.7801 
-87.2736 -227.9837 
30.1861 360.9737 
55.8753 312.6474 
0.7031 -44.0803 
-140.7813 -241.0759 
-92.1770 -98.1352 
75.5312 401.3780 
-0.3509 116.8354 
8.5048 101.9729 
95.4843 374.3654 
-130.6738 -462.2464 
3.7999 514.6393 
59.5650 363.4734 
-68.2178 -124.3612 
-4.4550 316.8404 
-26.2387 -15.8826 
33.7962 -63.8080 
8.2447 366.2745 
105.4255 214.7664 
49.0996 302.5420 
-23.5677 143.4262 
86.6543 508.7626 
19.6149 191.6368 
-59.3680 -48.3698 
52.5191 120.1593 
44.1143 427.4369 
-65.7185 -483.4306 
30.1858 201.5714 
-25.7498 -231.4032 
51.4501 283.7561 
-96.7430 -389.7558 
9.7907 -150.0742 
76.0552 233.6570 
-43.3749 -298.0082 
-0.8966 -326.7764 
-6.5844 -142.8906 
-103.3472 -362.4800 
-16.0281 -189.3699 
-26.9109 -479.4748 
-70.0143 -423.1199 
127.0251 425.4143 
-16.9011 -401.3601 
35.8136 457.6713 
30.3909 -236.2009 
5.8988 -241.1380 
-44.2837 -332.4762 
97.2414 492.0746 
-51.1102 25.6467 
-3.3281 3.2142 
123.6761 394.5524 
102.1015 80.1709 
22.6545 169.0460 
-116.6507 -483.5749 
-24.5902 -224.5339 
-7.9366 -287.9381 
10.1174 103.4910 
-102.6987 -114.8096 
35.3958 405.5219 
-48.7351 -157.0037 
23.1076 466.8821 
-30.3610 -139.9145 
-113.1183 -138.5696 
43.2147 278.6210 
-59.7107 -316.9402 
-93.8148 -433.9248 
-18.4115 154.3107 
-103.0402 -337.5836 
42.8084 320.0951 
-147.4130 -490.6992 
80.8052 -23.3255 
-174.7480 -381.4226 
18.6407 9.1344 
-111.5688 -353.9509 
99.8154 415.2677 
29.7374 167.6903 
56.5187 338.8341 
54.2969 321.3245 
79.0585 435.2491 
50.1284 175.0607 
-98.8621 -231.5089 
