1 100
18.4860 176.7351 
-51.0708 -174.7720 
99.1713 69.7400 
8.3028 -484.4862 
40.1995 454.9799 
-57.7762 -296.6118 
-98.5850 -423.1001 
-42.5376 91.0330 
-77.3772 -350.3388 
67.6440 429.3445 
86.2020 110.2420 
-94.3977 -173.1093 
57.9768 -6.6966 
-135.8174 -590.3024 
-17.0323 -102.6030 
74.9263 524.5425 
55.5316 431.2433 
27.2554 48.9293 
-97.8266 -582.9214 
-157.5882 -461.1387 
22.6165 267.0280 
-65.1726 132.5602 
58.5314 395.1208 
126.4802 647.2873 
24.9669 295.5314 
103.4144 352.4043 
-87.8696 -543.6530 
-41.4280 -207.6800 
158.1776 315.1860 
-98.7592 -439.9921 
167.3983 470.8037 
-63.5633 -446.3515 
131.0149 535.2827 
102.7676 395.4043 
-36.0400 190.4181 
40.3348 152.5956 
43.1122 336.3762 
16.1934 41.8471 
0.8530 509.6942 
98.7806 356.1958 
-83.2685 -403.4841 
-82.5549 -522.7463 
-22.6942 -141.8832 
-37.7600 -219.1657 
83.1787 454.1406 
-107.2522 -335.3374 
73.4209 -34.8164 
-34.6455 -366.0724 
-131.9610 -377.5294 
32.1676 94.0424 
110.5199 222.9194 
97.7490 561.2153 
22.5804 163.8958 
35.9136 562.5272 
-109.0676 -194.5172 
-58.3701 82.9643 
-79.7470 -595.6090 
-71.0015 -108.5983 
8.6619 149.4885 
80.4656 555.4260 
85.7780 405.0632 
-46.6039 -338.8941 
25.1000 -307.3128 
133.8323 328.6726 
23.7345 -21.4844 
-0.0538 215.3601 
-96.3430 -569.5819 
-21.6012 -269.1497 
-43.1824 -252.2738 
50.3189 315.8266 
29.2520 0.9971 
-79.7983 -294.5441 
-174.8298 -425.0235 
5.7933 561.6475 
22.7603 -73.3219 
151.2815 557.8624 
-8.0062 24.4047 
-45.7306 -389.0665 
-146.1980 -363.2451 
-44.7079 -4.8790 
-65.7811 -42.6242 
167.5435 342.3840 
26.8179 -162.4829 
101.7824 588.5392 
22.2599 210.7269 
37.4785 247.4699 
-23.6795 -9.6442 
-3.8365 182.0845 
-41.0956 -228.3865 
-47.8726 -94.8178 
94.4865 340.8395 
-2.9490 83.3234 
-60.1742 -390.0846 
-127.6077 -466.0040 
-118.6481 -75.3150 
-60.5556 -425.0687 
-60.5139 -464.3538 
-92.6264 -424.3924 
63.5714 445.4279 
-64.9735 -319.5756 
