1 100
-46.6020 -270.9290 
-44.7983 -112.8269 
-54.3308 -311.4052 
-203.4339 -552.5737 
-47.5748 -515.8890 
128.5460 606.0902 
99.3022 615.7206 
210.6953 644.0264 
136.4114 74.5291 
-32.3607 -406.6531 
31.3885 218.9201 
-132.3880 -326.5851 
-49.1170 -478.1553 
170.4841 567.0360 
-151.1872 -314.9061 
53.4163 357.2095 
153.3845 318.6092 
72.9993 -173.0022 
-10.9485 -100.5420 
9.5778 -24.1952 
10.1668 36.3903 
-68.4111 -499.1627 
30.7985 -147.1492 
-25.2853 549.1136 
72.8155 508.9345 
-94.1401 -626.4554 
72.3862 -454.7601 
-73.0240 -132.4356 
-80.4769 -545.1311 
-16.9877 346.7661 
-4.8220 285.0856 
-30.2444 374.6253 
106.5388 144.2884 
-6.9709 230.3454 
-36.5493 125.1040 
-152.4907 -739.0780 
-8.0125 404.2794 
19.3528 312.0103 
-39.6286 -46.4116 
-23.9920 -328.9886 
-52.2062 -460.2192 
25.4708 111.6443 
102.4635 503.4068 
62.5833 404.6242 
60.3948 435.0928 
-13.2493 -548.7346 
68.0394 151.0283 
62.6926 328.1845 
53.0784 633.1341 
92.8290 663.1930 
145.2640 81.7981 
40.6404 250.3529 
-36.5369 -478.3116 
-31.9679 -198.3592 
-16.4776 -667.3085 
-81.9315 -624.7603 
40.0474 151.2294 
99.7577 642.3158 
-63.2230 -471.2636 
-136.0305 -528.9745 
74.3838 312.4682 
-142.8971 -306.8580 
-20.2565 -389.5242 
78.0130 396.1544 
-39.0151 -251.7134 
-91.6724 -411.6528 
46.8816 -449.3385 
-79.5199 -630.3071 
140.3122 790.9606 
-23.4928 -7.3628 
7.2963 -79.3362 
-2.8490 -208.3683 
-14.8173 252.6159 
-35.5489 673.7681 
2.1768 -289.5283 
-94.6881 -365.8947 
106.2367 621.5905 
23.8208 218.3969 
38.9837 157.8763 
31.2405 421.0754 
117.9804 464.2751 
44.0321 430.8480 
24.8834 -217.6515 
-24.6799 -17.6703 
-50.2952 -165.1612 
-0.0346 -119.8805 
171.7805 670.8723 
-150.1610 -673.2266 
24.4819 117.0437 
179.8999 437.3043 
-147.4067 -591.8753 
135.5164 211.2530 
41.4645 521.3439 
46.0677 -62.9423 
156.2321 366.3145 
-85.1100 -577.9409 
40.9996 -158.6589 
41.1282 133.8803 
-79.8539 -143.0827 
-14.4599 -145.2287 
