1 100
-51.8277 -427.4851 
-98.4011 -238.7660 
25.3132 424.8967 
86.1859 775.3196 
-77.8280 -615.0237 
96.9313 557.3460 
64.5350 55.8507 
-16.2331 478.1481 
113.5442 78.5400 
35.5331 -576.3104 
-4.9583 -52.7702 
-97.2663 -584.4595 
133.9786 55.4492 
150.3969 80.2547 
28.5520 -9.2120 
134.7206 391.6479 
98.9369 572.9320 
1.7828 -234.4498 
-99.5004 210.5727 
-57.6562 -32.3796 
-117.3914 -356.4447 
79.5700 119.3456 
73.2820 467.0401 
-78.1792 -820.1247 
-3.2093 -282.0889 
-189.8772 -919.4019 
-89.3210 -750.9643 
6.0334 -10.5702 
50.2424 -264.6483 
-200.1678 -366.5033 
-52.2071 -674.4571 
88.6901 688.5362 
14.3592 121.9267 
-17.7643 -488.1101 
-89.1261 49.0545 
100.5127 760.6224 
-4.3231 -656.2445 
-47.7592 -428.7902 
111.5206 352.9058 
-109.2293 228.8284 
-83.2700 -345.0393 
73.8595 242.3929 
63.3737 648.7466 
-20.1513 -292.7527 
26.0215 8.3155 
133.1225 689.4445 
15.5348 -438.3541 
2.4762 512.6792 
29.2327 -45.1179 
83.7801 -102.9356 
-121.5163 -510.8655 
12.1033 25.9858 
13.5959 175.1249 
-106.9346 -696.6388 
18.2013 -502.9649 
110.6843 734.5424 
92.3856 565.4030 
8.5432 321.9299 
97.7172 537.4985 
97.8059 -61.2823 
133.6092 820.3311 
-141.6082 -479.5265 
1.8189 201.3605 
152.7513 831.7109 
124.5119 540.9150 
-198.8539 -536.0456 
-13.1319 -190.4084 
71.7352 644.2225 
-230.1963 -646.8180 
-26.1223 578.2746 
-82.2726 -732.1570 
-105.7797 -381.2225 
20.8061 306.5938 
87.5160 516.6315 
-154.0574 -772.7885 
-40.1755 459.7872 
-51.4774 -427.9191 
-19.4292 668.6867 
57.6491 -45.5513 
-16.5880 -510.8121 
-4.3162 -150.0452 
-29.4374 -308.9758 
143.0768 488.5735 
-108.4183 -398.5430 
-92.3574 -703.1553 
52.5136 247.8598 
55.4216 -73.2447 
-54.9891 366.4618 
190.6237 388.4070 
69.8358 322.6794 
-50.3313 407.5145 
-100.2555 218.4416 
29.1049 -257.7200 
139.0569 795.2269 
-14.3728 -250.1191 
38.9526 -232.1384 
-26.8668 -557.4047 
-185.6245 -727.9668 
8.8441 55.3376 
65.4734 -142.8681 
