1 100
138.5829 775.3351 
48.8571 -160.0841 
143.5369 286.0170 
109.6556 221.4507 
-74.5466 -296.3908 
60.9272 828.0646 
-54.9736 -520.6632 
-7.6806 -642.5864 
-10.8368 164.5976 
61.1473 727.1241 
47.0817 160.8250 
-33.8257 -624.2724 
91.3051 922.1024 
137.0435 305.6273 
56.0531 355.4543 
43.7434 609.0039 
111.3816 559.8037 
9.1624 -409.9702 
-90.9282 -709.3135 
163.5528 72.1520 
35.0432 158.0298 
40.1130 89.4499 
31.8976 4.3118 
26.9381 390.3186 
-164.0677 -735.9413 
-127.3654 -263.3792 
-87.4667 -172.5787 
131.3017 462.2785 
-192.9657 -328.4441 
-57.0028 -432.4849 
168.2973 802.2685 
-28.4387 -767.7695 
-52.9993 -377.4672 
65.0463 -740.5106 
-22.0397 -5.5138 
-147.0978 -494.3632 
-92.7450 383.7136 
77.0304 180.6434 
-70.0153 -469.8001 
-26.3683 447.5581 
-3.1759 -371.9066 
121.2663 206.2577 
-62.1018 122.5324 
81.1571 727.9025 
128.0071 633.7519 
37.4295 51.9480 
-58.0163 122.3137 
87.9742 653.2944 
-19.3692 70.9753 
120.2122 187.6305 
94.0329 280.0171 
40.9945 44.1735 
-33.8936 -701.5466 
100.6425 804.1040 
-162.1250 -275.4354 
-25.7971 -174.0296 
-84.2060 -94.1184 
-74.1423 -862.8919 
109.0385 -195.9811 
68.6712 751.4322 
-114.0689 -634.9371 
7.3126 329.5812 
-102.3276 567.2081 
-3.6388 -637.5298 
-152.6358 -626.1240 
-14.9237 166.5014 
-56.9058 23.3805 
46.1313 509.4062 
-73.8877 -775.1580 
83.5697 328.1568 
-31.0484 -377.3613 
106.6601 951.3563 
-19.2513 -226.3568 
33.4892 383.0909 
-77.4585 440.8574 
19.8491 448.8227 
-49.7720 781.9911 
-80.2477 -796.0185 
72.2312 638.6818 
135.2655 569.6392 
-107.2530 -614.1830 
74.6187 686.3199 
-92.1475 -145.4905 
-196.8180 -646.3622 
-160.6781 -792.7252 
-87.1739 -875.2304 
148.7012 694.8009 
25.2299 -451.4874 
-21.1484 693.7594 
-21.0345 -162.0556 
-61.6450 -575.3697 
-31.9106 -185.9173 
-5.2162 -63.9977 
-19.6816 -404.6467 
54.3873 426.5973 
-27.3357 660.1997 
-226.0178 -502.7789 
-51.7580 -570.4305 
105.2731 235.1929 
-8.7426 -328.8039 
