1 100
-13.9186 -910.6896 
1.6148 -771.2574 
148.2759 518.3839 
24.4813 80.0003 
37.7426 658.0880 
100.2455 275.0827 
-94.8919 -939.1826 
-7.1640 -218.1401 
-162.2940 -575.2199 
-22.2140 158.4852 
-56.9264 -815.4029 
-40.0352 -326.8876 
-132.4673 -495.2536 
-144.0109 -808.0610 
32.8287 483.7907 
48.4500 644.6932 
-15.1344 381.3529 
19.1104 -424.9369 
218.7932 446.3129 
157.8080 -299.2398 
-59.3701 -209.8303 
-91.7460 -682.0478 
30.1482 -448.6227 
47.0441 -256.5723 
123.5241 536.2383 
23.8175 144.0799 
61.9169 -8.6419 
-195.8015 -651.3315 
-221.9404 -810.1913 
-93.9959 -632.8893 
135.2529 837.4124 
-69.1053 -855.0897 
-25.4469 96.3738 
218.6230 778.1559 
133.7669 689.6261 
-135.4862 -751.3218 
156.6395 971.7867 
-137.8257 -5.7407 
5.8326 562.3675 
160.6440 484.6279 
-67.4584 551.4989 
131.3971 859.2957 
68.0941 471.2959 
38.3587 348.8034 
-34.7813 -524.9653 
103.0102 455.7143 
19.5409 -201.9683 
-57.9843 -477.1629 
-20.9345 301.0958 
89.0244 -134.6803 
-52.9429 -232.1625 
-1.9929 439.0767 
98.2178 -424.1667 
62.6075 934.2993 
169.8137 790.1640 
-41.9656 553.8776 
110.8216 53.8670 
-110.7205 -742.8616 
129.6008 198.7222 
-54.4740 -1032.4346 
-55.8811 -387.4221 
-77.6154 625.8782 
2.0518 7.3162 
88.3133 668.1985 
-26.3566 -442.9541 
-4.0842 -50.2575 
130.6871 493.9766 
-28.5825 170.6818 
85.6602 960.3395 
47.7061 -287.7237 
-29.3727 13.1724 
-253.6236 -805.1225 
176.0109 1012.7062 
103.9918 -529.9673 
88.3080 -96.1822 
36.2327 -66.9716 
-54.7113 -585.0568 
243.7303 773.3309 
55.8425 754.9099 
-46.2790 -475.0968 
50.4193 -715.7786 
-81.4550 -718.1136 
-110.0966 -166.0249 
59.7150 895.4938 
98.9705 460.2870 
78.4636 272.2611 
-57.4021 -638.5804 
38.7227 444.2730 
2.9592 -95.9008 
7.5111 86.5942 
79.9539 -934.0206 
-77.0515 -824.6138 
-46.7563 230.9309 
219.5167 1050.6658 
-90.1128 -284.6334 
187.1412 739.7224 
63.5903 94.7154 
31.9440 -146.9739 
120.6085 839.9592 
38.0022 41.8415 
